,col
0, 1 
1, 1 
2, 0 
3, 1 
4, 1 
5, 1 
6, 1 
7, 0 
8, 0xc 
9, 0 
10, 0 
11, 0 
12, 0 
13, 1 
14, 0 
15, 0 
16, 0 
18, 1 
19, 1 
20, 1 
21, 1 
22, 1 
23, 1 
24, 1 
25, 1 
26, 0xa 
27, 0 
28, 0 
29, 1 
30, 0 
31, 0 
32, 0 
33, 0 
34, 0 
36, 1 
37, 1 
38, 1 
39, 1 
40, 1 
41, 1 
42, 1 
43, 1 
44, 0xf 
45, 0 
46, 0 
47, 0 
48, 0 
49, 0 
50, 0 
51, 0 
52, 1 
54, 1 
55, 1 
56, 1 
57, 1 
58, 1 
59, 1 
60, 0 
61, 1 
62, 0xd 
63, 0 
64, 0 
65, 0 
66, 0 
67, 0 
69, 0 
70, 0 
71, 0 
72, 1 
73, 0 
74, 1 
75, 1 
76, 1 
77, 0xf 
78, 0 
79, 0 
80, 0 
81, 0 
82, 0 
83, 0 
84, 0 
85, 1 
87, 1 
88, 0 
89, 1 
90, 1 
91, 1 
92, 0 
93, 1 
94, 1 
95, 0xd 
96, 0 
97, 0 
98, 0 
99, 0 
100, 0 
101, 1 
102, 0 
103, 0 
105, 0 
106, 1 
107, 1 
108, 1 
109, 1 
110, 0 
111, 1 
112, 1 
113, 0x8 
114, 1 
115, 0 
116, 0 
117, 0 
118, 0 
119, 0 
120, 0 
121, 0 
123, 1 
124, 1 
125, 1 
126, 1 
127, 1 
128, 1 
129, 1 
130, 1 
131, 0x9 
132, 0 
133, 1 
134, 0 
135, 0 
136, 0 
138, 1 
139, 0 
140, 1 
141, 1 
142, 1 
143, 1 
144, 1 
145, 1 
146, 0xb 
147, 0 
148, 0 
149, 0 
150, 1 
151, 0 
152, 0 
153, 0 
154, 0 
156, 1 
157, 1 
158, 1 
159, 1 
160, 1 
161, 1 
162, 1 
163, 1 
164, 0xa 
165, 0 
166, 0 
167, 1 
168, 0 
169, 0 
170, 0 
171, 0 
172, 0 
174, 0 
175, 1 
176, 1 
177, 1 
178, 1 
179, 1 
180, 0 
181, 1 
182, 0xe 
183, 0 
184, 0 
185, 0 
186, 0 
187, 0 
188, 0 
189, 1 
190, 0 
192, 1 
193, 1 
194, 1 
195, 1 
196, 1 
197, 1 
198, 1 
199, 1 
200, 0xc 
201, 0 
202, 0 
203, 0 
204, 0 
205, 1 
207, 0 
208, 1 
209, 0 
210, 1 
211, 1 
212, 1 
213, 1 
214, 1 
215, 0xb 
216, 0 
217, 0 
218, 0 
219, 1 
220, 0 
221, 0 
222, 0 
223, 0 
225, 1 
226, 1 
227, 1 
228, 1 
229, 1 
230, 1 
231, 1 
232, 1 
233, 0xd 
234, 0 
235, 0 
236, 0 
237, 0 
238, 0 
239, 1 
240, 0 
241, 0 
243, 1 
244, 1 
245, 0 
246, 1 
247, 1 
248, 0 
249, 1 
250, 1 
251, 0xf 
252, 0 
253, 0 
254, 0 
255, 0 
256, 0 
257, 0 
258, 0 
259, 1 
261, 1 
262, 1 
263, 1 
264, 1 
265, 1 
266, 1 
267, 1 
268, 1 
269, 0xb 
270, 0 
271, 0 
272, 0 
273, 1 
274, 0 
276, 1 
277, 1 
278, 1 
279, 1 
280, 1 
281, 1 
282, 1 
283, 0 
284, 0x9 
285, 0 
286, 1 
287, 0 
288, 0 
289, 0 
290, 0 
291, 0 
292, 0 
294, 1 
295, 0 
296, 1 
297, 0 
298, 1 
299, 0 
300, 1 
301, 1 
302, 0x9 
303, 0 
304, 1 
305, 0 
306, 0 
307, 0 
308, 0 
309, 0 
310, 0 
312, 0 
313, 1 
314, 0 
315, 1 
316, 1 
317, 1 
318, 1 
319, 1 
320, 0x9 
321, 0 
322, 1 
323, 0 
324, 0 
325, 0 
326, 0 
327, 0 
328, 0 
330, 0 
331, 0 
332, 0 
333, 1 
334, 1 
335, 1 
336, 0 
337, 1 
338, 0xb 
339, 0 
340, 0 
341, 0 
342, 1 
343, 0 
345, 1 
346, 0 
347, 1 
348, 1 
349, 1 
350, 1 
351, 1 
352, 1 
353, 0xc 
354, 0 
355, 0 
356, 0 
357, 0 
358, 1 
359, 0 
360, 0 
361, 0 
363, 1 
364, 0 
365, 1 
366, 1 
367, 1 
368, 1 
369, 1 
370, 1 
371, 0xd 
372, 0 
373, 0 
374, 0 
375, 0 
376, 0 
377, 1 
378, 0 
379, 0 
381, 1 
382, 1 
383, 1 
384, 1 
385, 0 
386, 1 
387, 1 
388, 1 
389, 0xf 
390, 0 
391, 0 
392, 0 
393, 0 
394, 0 
395, 0 
396, 0 
397, 1 
399, 1 
400, 0 
401, 0 
402, 1 
403, 0 
404, 1 
405, 0 
406, 1 
407, 0xe 
408, 0 
409, 0 
410, 0 
411, 0 
412, 0 
414, 1 
415, 1 
416, 0 
417, 1 
418, 0 
419, 1 
420, 1 
421, 0 
422, 0xd 
423, 0 
424, 0 
425, 0 
426, 0 
427, 0 
428, 1 
429, 0 
430, 0 
432, 1 
433, 0 
434, 0 
435, 1 
436, 1 
437, 1 
438, 0 
439, 1 
440, 0xe 
441, 0 
442, 0 
443, 0 
444, 0 
445, 0 
446, 0 
447, 1 
448, 0 
450, 1 
451, 1 
452, 1 
453, 0 
454, 1 
455, 1 
456, 1 
457, 1 
458, 0xb 
459, 0 
460, 0 
461, 0 
462, 1 
463, 0 
464, 0 
465, 0 
466, 0 
468, 1 
469, 1 
470, 1 
471, 0 
472, 1 
473, 0 
474, 0 
475, 1 
476, 0xe 
477, 0 
478, 0 
479, 0 
480, 0 
481, 0 
483, 1 
484, 1 
485, 1 
486, 1 
487, 1 
488, 1 
489, 0 
490, 1 
491, 0xc 
492, 0 
493, 0 
494, 0 
495, 0 
496, 1 
497, 0 
498, 0 
499, 0 
501, 0 
502, 0 
503, 1 
504, 1 
505, 1 
506, 1 
507, 1 
508, 1 
509, 0x8 
510, 1 
511, 0 
512, 0 
513, 0 
514, 0 
515, 0 
516, 0 
517, 0 
519, 1 
520, 1 
521, 0 
522, 0 
523, 1 
524, 1 
525, 1 
526, 1 
527, 0xc 
528, 0 
529, 0 
530, 0 
531, 0 
532, 1 
533, 0 
534, 0 
535, 0 
537, 1 
538, 1 
539, 0 
540, 0 
541, 0 
542, 1 
543, 1 
544, 1 
545, 0x9 
546, 0 
547, 1 
548, 0 
549, 0 
550, 0 
552, 1 
553, 0 
554, 1 
555, 1 
556, 0 
557, 0 
558, 1 
559, 1 
560, 0x8 
561, 1 
562, 0 
563, 0 
564, 0 
565, 0 
566, 0 
567, 0 
568, 0 
570, 1 
571, 1 
572, 1 
573, 1 
574, 0 
575, 1 
576, 1 
577, 1 
578, 0xa 
579, 0 
580, 0 
581, 1 
582, 0 
583, 0 
584, 0 
585, 0 
586, 0 
588, 1 
589, 1 
590, 1 
591, 1 
592, 1 
593, 1 
594, 0 
595, 1 
596, 0xb 
597, 0 
598, 0 
599, 0 
600, 1 
601, 0 
602, 0 
603, 0 
604, 0 
606, 1 
607, 1 
608, 1 
609, 1 
610, 1 
611, 1 
612, 1 
613, 1 
614, 0xa 
615, 0 
616, 0 
617, 1 
618, 0 
619, 0 
621, 1 
622, 1 
623, 1 
624, 1 
625, 1 
626, 1 
627, 1 
628, 1 
629, 0xd 
630, 0 
631, 0 
632, 0 
633, 0 
634, 0 
635, 1 
636, 0 
637, 0 
639, 1 
640, 1 
641, 1 
642, 1 
643, 1 
644, 1 
645, 1 
646, 0 
647, 0xd 
648, 0 
649, 0 
650, 0 
651, 0 
652, 0 
653, 1 
654, 0 
655, 0 
657, 1 
658, 0 
659, 0 
660, 1 
661, 0 
662, 1 
663, 1 
664, 1 
665, 0x9 
666, 0 
667, 1 
668, 0 
669, 0 
670, 0 
671, 0 
672, 0 
673, 0 
675, 1 
676, 1 
677, 1 
678, 1 
679, 1 
680, 1 
681, 1 
682, 1 
683, 0xc 
684, 0 
685, 0 
686, 0 
687, 0 
688, 1 
690, 1 
691, 1 
692, 1 
693, 1 
694, 1 
695, 1 
696, 1 
697, 1 
698, 0xb 
699, 0 
700, 0 
701, 0 
702, 1 
703, 0 
704, 0 
705, 0 
706, 0 
708, 0 
709, 1 
710, 0 
711, 1 
712, 1 
713, 1 
714, 1 
715, 1 
716, 0xc 
717, 0 
718, 0 
719, 0 
720, 0 
721, 1 
722, 0 
723, 0 
724, 0 
726, 1 
727, 1 
728, 0 
729, 1 
730, 1 
731, 1 
732, 1 
733, 1 
734, 0x8 
735, 1 
736, 0 
737, 0 
738, 0 
739, 0 
740, 0 
741, 0 
742, 0 
744, 1 
745, 0 
746, 1 
747, 1 
748, 1 
749, 1 
750, 1 
751, 0 
752, 0xd 
753, 0 
754, 0 
755, 0 
756, 0 
757, 0 
759, 1 
760, 1 
761, 1 
762, 1 
763, 0 
764, 1 
765, 1 
766, 1 
767, 0xd 
768, 0 
769, 0 
770, 0 
771, 0 
772, 0 
773, 1 
774, 0 
775, 0 
777, 1 
778, 1 
779, 1 
780, 0 
781, 1 
782, 1 
783, 1 
784, 1 
785, 0xa 
786, 0 
787, 0 
788, 1 
789, 0 
790, 0 
791, 0 
792, 0 
793, 0 
795, 1 
796, 0 
797, 1 
798, 1 
799, 1 
800, 1 
801, 1 
802, 1 
803, 0x8 
804, 1 
805, 0 
806, 0 
807, 0 
808, 0 
809, 0 
810, 0 
811, 0 
813, 1 
814, 1 
815, 1 
816, 1 
817, 1 
818, 0 
819, 1 
820, 1 
821, 0xc 
822, 0 
823, 0 
824, 0 
825, 0 
826, 1 
828, 1 
829, 1 
830, 1 
831, 1 
832, 1 
833, 0 
834, 1 
835, 0 
836, 0xc 
837, 0 
838, 0 
839, 0 
840, 0 
841, 1 
842, 0 
843, 0 
844, 0 
846, 0 
847, 1 
848, 1 
849, 1 
850, 1 
851, 1 
852, 1 
853, 1 
854, 0xe 
855, 0 
856, 0 
857, 0 
858, 0 
859, 0 
860, 0 
861, 1 
862, 0 
864, 1 
865, 0 
866, 1 
867, 0 
868, 1 
869, 1 
870, 1 
871, 1 
872, 0xc 
873, 0 
874, 0 
875, 0 
876, 0 
877, 1 
878, 0 
879, 0 
880, 0 
882, 1 
883, 1 
884, 0 
885, 1 
886, 0 
887, 1 
888, 1 
889, 1 
890, 0x9 
891, 0 
892, 1 
893, 0 
894, 0 
895, 0 
897, 1 
898, 0 
899, 1 
900, 1 
901, 0 
902, 1 
903, 1 
904, 1 
905, 0x8 
906, 1 
907, 0 
908, 0 
909, 0 
910, 0 
911, 0 
912, 0 
913, 0 
915, 1 
916, 1 
917, 1 
918, 1 
919, 1 
920, 1 
921, 1 
922, 0 
923, 0xa 
924, 0 
925, 0 
926, 1 
927, 0 
928, 0 
929, 0 
930, 0 
931, 0 
933, 1 
934, 1 
935, 1 
936, 1 
937, 1 
938, 1 
939, 0 
940, 0 
941, 0x8 
942, 1 
943, 0 
944, 0 
945, 0 
946, 0 
947, 0 
948, 0 
949, 0 
951, 1 
952, 1 
953, 0 
954, 1 
955, 1 
956, 1 
957, 1 
958, 1 
959, 0xc 
960, 0 
961, 0 
962, 0 
963, 0 
964, 1 
966, 0 
967, 1 
968, 0 
969, 1 
970, 1 
971, 1 
972, 1 
973, 1 
974, 0xd 
975, 0 
976, 0 
977, 0 
978, 0 
979, 0 
980, 1 
981, 0 
982, 0 
984, 1 
985, 1 
986, 1 
987, 1 
988, 1 
989, 1 
990, 1 
991, 0 
992, 0xd 
993, 0 
994, 0 
995, 0 
996, 0 
997, 0 
998, 1 
999, 0 
1000, 0 
1002, 1 
1003, 1 
1004, 0 
1005, 1 
1006, 1 
1007, 1 
1008, 1 
1009, 1 
1010, 0x9 
1011, 0 
1012, 1 
1013, 0 
1014, 0 
1015, 0 
1016, 0 
1017, 0 
1018, 0 
1020, 0 
1021, 1 
1022, 1 
1023, 1 
1024, 1 
1025, 1 
1026, 1 
1027, 1 
1028, 0xc 
1029, 0 
1030, 0 
1031, 0 
1032, 0 
1033, 1 
1035, 1 
1036, 1 
1037, 1 
1038, 1 
1039, 1 
1040, 1 
1041, 1 
1042, 0 
1043, 0xf 
1044, 0 
1045, 0 
1046, 0 
1047, 0 
1048, 0 
1049, 0 
1050, 0 
1051, 1 
1053, 1 
1054, 0 
1055, 1 
1056, 0 
1057, 1 
1058, 1 
1059, 0 
1060, 0 
1061, 0xe 
1062, 0 
1063, 0 
1064, 0 
1065, 0 
1066, 0 
1067, 0 
1068, 1 
1069, 0 
1071, 0 
1072, 1 
1073, 1 
1074, 0 
1075, 1 
1076, 0 
1077, 1 
1078, 1 
1079, 0xd 
1080, 0 
1081, 0 
1082, 0 
1083, 0 
1084, 0 
1085, 1 
1086, 0 
1087, 0 
1089, 1 
1090, 1 
1091, 1 
1092, 1 
1093, 1 
1094, 1 
1095, 1 
1096, 0 
1097, 0x8 
1098, 1 
1099, 0 
1100, 0 
1101, 0 
1102, 0 
1104, 1 
1105, 1 
1106, 1 
1107, 1 
1108, 0 
1109, 1 
1110, 0 
1111, 1 
1112, 0xa 
1113, 0 
1114, 0 
1115, 1 
1116, 0 
1117, 0 
1118, 0 
1119, 0 
1120, 0 
1122, 1 
1123, 1 
1124, 1 
1125, 1 
1126, 1 
1127, 1 
1128, 0 
1129, 1 
1130, 0xf 
1131, 0 
1132, 0 
1133, 0 
1134, 0 
1135, 0 
1136, 0 
1137, 0 
1138, 1 
1140, 1 
1141, 1 
1142, 1 
1143, 1 
1144, 1 
1145, 1 
1146, 1 
1147, 1 
1148, 0x8 
1149, 1 
1150, 0 
1151, 0 
1152, 0 
1153, 0 
1154, 0 
1155, 0 
1156, 0 
1158, 1 
1159, 0 
1160, 0 
1161, 1 
1162, 0 
1163, 1 
1164, 1 
1165, 0 
1166, 0xc 
1167, 0 
1168, 0 
1169, 0 
1170, 0 
1171, 1 
1173, 1 
1174, 1 
1175, 1 
1176, 1 
1177, 1 
1178, 1 
1179, 1 
1180, 1 
1181, 0xe 
1182, 0 
1183, 0 
1184, 0 
1185, 0 
1186, 0 
1187, 0 
1188, 1 
1189, 0 
1191, 1 
1192, 1 
1193, 1 
1194, 0 
1195, 1 
1196, 1 
1197, 1 
1198, 1 
1199, 0xa 
1200, 0 
1201, 0 
1202, 1 
1203, 0 
1204, 0 
1205, 0 
1206, 0 
1207, 0 
1209, 1 
1210, 0 
1211, 1 
1212, 0 
1213, 1 
1214, 0 
1215, 1 
1216, 1 
1217, 0x9 
1218, 0 
1219, 1 
1220, 0 
1221, 0 
1222, 0 
1223, 0 
1224, 0 
1225, 0 
1227, 1 
1228, 1 
1229, 1 
1230, 1 
1231, 1 
1232, 1 
1233, 1 
1234, 1 
1235, 0xa 
1236, 0 
1237, 0 
1238, 1 
1239, 0 
1240, 0 
1242, 1 
1243, 1 
1244, 1 
1245, 1 
1246, 1 
1247, 1 
1248, 1 
1249, 1 
1250, 0x9 
1251, 0 
1252, 1 
1253, 0 
1254, 0 
1255, 0 
1256, 0 
1257, 0 
1258, 0 
1260, 1 
1261, 1 
1262, 1 
1263, 0 
1264, 1 
1265, 1 
1266, 1 
1267, 1 
1268, 0xd 
1269, 0 
1270, 0 
1271, 0 
1272, 0 
1273, 0 
1274, 1 
1275, 0 
1276, 0 
1278, 1 
1279, 0 
1280, 0 
1281, 1 
1282, 1 
1283, 1 
1284, 0 
1285, 1 
1286, 0xd 
1287, 0 
1288, 0 
1289, 0 
1290, 0 
1291, 0 
1292, 1 
1293, 0 
1294, 0 
1296, 1 
1297, 0 
1298, 1 
1299, 1 
1300, 1 
1301, 0 
1302, 0 
1303, 1 
1304, 0xc 
1305, 0 
1306, 0 
1307, 0 
1308, 0 
1309, 1 
1311, 1 
1312, 1 
1313, 1 
1314, 1 
1315, 1 
1316, 1 
1317, 0 
1318, 1 
1319, 0xd 
1320, 0 
1321, 0 
1322, 0 
1323, 0 
1324, 0 
1325, 1 
1326, 0 
1327, 0 
1329, 1 
1330, 0 
1331, 0 
1332, 1 
1333, 1 
1334, 1 
1335, 0 
1336, 1 
1337, 0xb 
1338, 0 
1339, 0 
1340, 0 
1341, 1 
1342, 0 
1343, 0 
1344, 0 
1345, 0 
1347, 1 
1348, 0 
1349, 1 
1350, 1 
1351, 1 
1352, 1 
1353, 1 
1354, 1 
1355, 0xe 
1356, 0 
1357, 0 
1358, 0 
1359, 0 
1360, 0 
1361, 0 
1362, 1 
1363, 0 
1365, 1 
1366, 1 
1367, 1 
1368, 0 
1369, 1 
1370, 1 
1371, 0 
1372, 1 
1373, 0xc 
1374, 0 
1375, 0 
1376, 0 
1377, 0 
1378, 1 
1380, 1 
1381, 1 
1382, 0 
1383, 1 
1384, 1 
1385, 0 
1386, 1 
1387, 1 
1388, 0xf 
1389, 0 
1390, 0 
1391, 0 
1392, 0 
1393, 0 
1394, 0 
1395, 0 
1396, 1 
1398, 1 
1399, 1 
1400, 1 
1401, 1 
1402, 1 
1403, 1 
1404, 0 
1405, 1 
1406, 0xa 
1407, 0 
1408, 0 
1409, 1 
1410, 0 
1411, 0 
1412, 0 
1413, 0 
1414, 0 
1416, 1 
1417, 1 
1418, 1 
1419, 1 
1420, 0 
1421, 0 
1422, 0 
1423, 1 
1424, 0xf 
1425, 0 
1426, 0 
1427, 0 
1428, 0 
1429, 0 
1430, 0 
1431, 0 
1432, 1 
1434, 0 
1435, 1 
1436, 1 
1437, 0 
1438, 1 
1439, 1 
1440, 0 
1441, 1 
1442, 0x9 
1443, 0 
1444, 1 
1445, 0 
1446, 0 
1447, 0 
1449, 1 
1450, 1 
1451, 1 
1452, 0 
1453, 1 
1454, 1 
1455, 1 
1456, 1 
1457, 0xe 
1458, 0 
1459, 0 
1460, 0 
1461, 0 
1462, 0 
1463, 0 
1464, 1 
1465, 0 
1467, 1 
1468, 1 
1469, 1 
1470, 1 
1471, 1 
1472, 1 
1473, 1 
1474, 1 
1475, 0xf 
1476, 0 
1477, 0 
1478, 0 
1479, 0 
1480, 0 
1481, 0 
1482, 0 
1483, 1 
1485, 0 
1486, 1 
1487, 1 
1488, 1 
1489, 1 
1490, 1 
1491, 1 
1492, 1 
1493, 0xe 
1494, 0 
1495, 0 
1496, 0 
1497, 0 
1498, 0 
1499, 0 
1500, 1 
1501, 0 
1503, 1 
1504, 1 
1505, 1 
1506, 1 
1507, 1 
1508, 1 
1509, 1 
1510, 1 
1511, 0xa 
1512, 0 
1513, 0 
1514, 1 
1515, 0 
1516, 0 
1518, 1 
1519, 1 
1520, 1 
1521, 1 
1522, 1 
1523, 1 
1524, 0 
1525, 1 
1526, 0x8 
1527, 1 
1528, 0 
1529, 0 
1530, 0 
1531, 0 
1532, 0 
1533, 0 
1534, 0 
1536, 1 
1537, 0 
1538, 1 
1539, 1 
1540, 1 
1541, 1 
1542, 1 
1543, 1 
1544, 0xa 
1545, 0 
1546, 0 
1547, 1 
1548, 0 
1549, 0 
1550, 0 
1551, 0 
1552, 0 
1554, 1 
1555, 1 
1556, 1 
1557, 1 
1558, 0 
1559, 1 
1560, 1 
1561, 1 
1562, 0xb 
1563, 0 
1564, 0 
1565, 0 
1566, 1 
1567, 0 
1568, 0 
1569, 0 
1570, 0 
1572, 1 
1573, 1 
1574, 1 
1575, 0 
1576, 0 
1577, 1 
1578, 1 
1579, 1 
1580, 0xd 
1581, 0 
1582, 0 
1583, 0 
1584, 0 
1585, 0 
1587, 1 
1588, 1 
1589, 1 
1590, 1 
1591, 0 
1592, 1 
1593, 1 
1594, 1 
1595, 0x9 
1596, 0 
1597, 1 
1598, 0 
1599, 0 
1600, 0 
1601, 0 
1602, 0 
1603, 0 
1605, 0 
1606, 0 
1607, 0 
1608, 1 
1609, 1 
1610, 1 
1611, 1 
1612, 0 
1613, 0x9 
1614, 0 
1615, 1 
1616, 0 
1617, 0 
1618, 0 
1619, 0 
1620, 0 
1621, 0 
1623, 1 
1624, 0 
1625, 1 
1626, 1 
1627, 1 
1628, 1 
1629, 1 
1630, 1 
1631, 0xe 
1632, 0 
1633, 0 
1634, 0 
1635, 0 
1636, 0 
1637, 0 
1638, 1 
1639, 0 
1641, 1 
1642, 1 
1643, 1 
1644, 1 
1645, 0 
1646, 1 
1647, 1 
1648, 1 
1649, 0xa 
1650, 0 
1651, 0 
1652, 1 
1653, 0 
1654, 0 
1656, 1 
1657, 1 
1658, 1 
1659, 1 
1660, 1 
1661, 1 
1662, 1 
1663, 0 
1664, 0xc 
1665, 0 
1666, 0 
1667, 0 
1668, 0 
1669, 1 
1670, 0 
1671, 0 
1672, 0 
1674, 1 
1675, 1 
1676, 1 
1677, 1 
1678, 1 
1679, 1 
1680, 1 
1681, 1 
1682, 0x9 
1683, 0 
1684, 1 
1685, 0 
1686, 0 
1687, 0 
1688, 0 
1689, 0 
1690, 0 
1692, 1 
1693, 1 
1694, 1 
1695, 0 
1696, 1 
1697, 1 
1698, 0 
1699, 1 
1700, 0x9 
1701, 0 
1702, 1 
1703, 0 
1704, 0 
1705, 0 
1706, 0 
1707, 0 
1708, 0 
1710, 1 
1711, 0 
1712, 1 
1713, 0 
1714, 0 
1715, 1 
1716, 1 
1717, 1 
1718, 0x8 
1719, 1 
1720, 0 
1721, 0 
1722, 0 
1723, 0 
1725, 1 
1726, 1 
1727, 1 
1728, 1 
1729, 1 
1730, 1 
1731, 1 
1732, 1 
1733, 0xe 
1734, 0 
1735, 0 
1736, 0 
1737, 0 
1738, 0 
1739, 0 
1740, 1 
1741, 0 
1743, 1 
1744, 1 
1745, 1 
1746, 0 
1747, 1 
1748, 0 
1749, 1 
1750, 1 
1751, 0xb 
1752, 0 
1753, 0 
1754, 0 
1755, 1 
1756, 0 
1757, 0 
1758, 0 
1759, 0 
1761, 1 
1762, 1 
1763, 1 
1764, 1 
1765, 0 
1766, 1 
1767, 1 
1768, 1 
1769, 0xe 
1770, 0 
1771, 0 
1772, 0 
1773, 0 
1774, 0 
1775, 0 
1776, 1 
1777, 0 
1779, 1 
1780, 0 
1781, 1 
1782, 1 
1783, 1 
1784, 1 
1785, 1 
1786, 1 
1787, 0xd 
1788, 0 
1789, 0 
1790, 0 
1791, 0 
1792, 0 
1794, 1 
1795, 1 
1796, 1 
1797, 1 
1798, 1 
1799, 1 
1800, 1 
1801, 1 
1802, 0xd 
1803, 0 
1804, 0 
1805, 0 
1806, 0 
1807, 0 
1808, 1 
1809, 0 
1810, 0 
1812, 1 
1813, 0 
1814, 1 
1815, 1 
1816, 1 
1817, 1 
1818, 1 
1819, 1 
1820, 0xd 
1821, 0 
1822, 0 
1823, 0 
1824, 0 
1825, 0 
1826, 1 
1827, 0 
1828, 0 
1830, 1 
1831, 1 
1832, 1 
1833, 1 
1834, 1 
1835, 1 
1836, 1 
1837, 1 
1838, 0x9 
1839, 0 
1840, 1 
1841, 0 
1842, 0 
1843, 0 
1844, 0 
1845, 0 
1846, 0 
1848, 1 
1849, 1 
1850, 1 
1851, 1 
1852, 1 
1853, 1 
1854, 1 
1855, 1 
1856, 0xb 
1857, 0 
1858, 0 
1859, 0 
1860, 1 
1861, 0 
1863, 1 
1864, 0 
1865, 1 
1866, 0 
1867, 1 
1868, 1 
1869, 1 
1870, 1 
1871, 0x9 
1872, 0 
1873, 1 
1874, 0 
1875, 0 
1876, 0 
1877, 0 
1878, 0 
1879, 0 
1881, 1 
1882, 1 
1883, 1 
1884, 0 
1885, 1 
1886, 0 
1887, 1 
1888, 1 
1889, 0xf 
1890, 0 
1891, 0 
1892, 0 
1893, 0 
1894, 0 
1895, 0 
1896, 0 
1897, 1 
1899, 1 
1900, 1 
1901, 1 
1902, 0 
1903, 0 
1904, 1 
1905, 1 
1906, 0 
1907, 0xb 
1908, 0 
1909, 0 
1910, 0 
1911, 1 
1912, 0 
1913, 0 
1914, 0 
1915, 0 
1917, 0 
1918, 1 
1919, 1 
1920, 1 
1921, 1 
1922, 1 
1923, 1 
1924, 1 
1925, 0xf 
1926, 0 
1927, 0 
1928, 0 
1929, 0 
1930, 0 
1932, 0 
1933, 0 
1934, 1 
1935, 1 
1936, 1 
1937, 1 
1938, 1 
1939, 1 
1940, 0xf 
1941, 0 
1942, 0 
1943, 0 
1944, 0 
1945, 0 
1946, 0 
1947, 0 
1948, 1 
1950, 1 
1951, 0 
1952, 1 
1953, 0 
1954, 1 
1955, 1 
1956, 1 
1957, 1 
1958, 0xc 
1959, 0 
1960, 0 
1961, 0 
1962, 0 
1963, 1 
1964, 0 
1965, 0 
1966, 0 
1968, 1 
1969, 1 
1970, 1 
1971, 0 
1972, 1 
1973, 1 
1974, 1 
1975, 0 
1976, 0xc 
1977, 0 
1978, 0 
1979, 0 
1980, 0 
1981, 1 
1982, 0 
1983, 0 
1984, 0 
1986, 0 
1987, 0 
1988, 0 
1989, 1 
1990, 1 
1991, 1 
1992, 1 
1993, 0 
1994, 0xa 
1995, 0 
1996, 0 
1997, 1 
1998, 0 
1999, 0 
2001, 0 
2002, 0 
2003, 1 
2004, 1 
2005, 1 
2006, 1 
2007, 1 
2008, 1 
2009, 0x9 
2010, 0 
2011, 1 
2012, 0 
2013, 0 
2014, 0 
2015, 0 
2016, 0 
2017, 0 
2019, 0 
2020, 1 
2021, 1 
2022, 1 
2023, 1 
2024, 1 
2025, 0 
2026, 0 
2027, 0xe 
2028, 0 
2029, 0 
2030, 0 
2031, 0 
2032, 0 
2033, 0 
2034, 1 
2035, 0 
2037, 1 
2038, 1 
2039, 0 
2040, 1 
2041, 1 
2042, 1 
2043, 1 
2044, 1 
2045, 0x9 
2046, 0 
2047, 1 
2048, 0 
2049, 0 
2050, 0 
2051, 0 
2052, 0 
2053, 0 
2055, 1 
2056, 1 
2057, 1 
2058, 1 
2059, 1 
2060, 0 
2061, 1 
2062, 1 
2063, 0x8 
2064, 1 
2065, 0 
2066, 0 
2067, 0 
2068, 0 
2070, 1 
2071, 1 
2072, 0 
2073, 1 
2074, 0 
2075, 1 
2076, 0 
2077, 1 
2078, 0xf 
2079, 0 
2080, 0 
2081, 0 
2082, 0 
2083, 0 
2084, 0 
2085, 0 
2086, 1 
2088, 1 
2089, 1 
2090, 1 
2091, 1 
2092, 1 
2093, 0 
2094, 0 
2095, 1 
2096, 0xf 
2097, 0 
2098, 0 
2099, 0 
2100, 0 
2101, 0 
2102, 0 
2103, 0 
2104, 1 
2106, 0 
2107, 1 
2108, 0 
2109, 1 
2110, 1 
2111, 0 
2112, 1 
2113, 1 
2114, 0xa 
2115, 0 
2116, 0 
2117, 1 
2118, 0 
2119, 0 
2120, 0 
2121, 0 
2122, 0 
2124, 0 
2125, 1 
2126, 1 
2127, 1 
2128, 1 
2129, 0 
2130, 0 
2131, 1 
2132, 0x9 
2133, 0 
2134, 1 
2135, 0 
2136, 0 
2137, 0 
2139, 0 
2140, 1 
2141, 1 
2142, 0 
2143, 1 
2144, 0 
2145, 1 
2146, 0 
2147, 0x9 
2148, 0 
2149, 1 
2150, 0 
2151, 0 
2152, 0 
2153, 0 
2154, 0 
2155, 0 
2157, 0 
2158, 0 
2159, 1 
2160, 1 
2161, 1 
2162, 1 
2163, 0 
2164, 1 
2165, 0xe 
2166, 0 
2167, 0 
2168, 0 
2169, 0 
2170, 0 
2171, 0 
2172, 1 
2173, 0 
2175, 1 
2176, 1 
2177, 0 
2178, 1 
2179, 1 
2180, 1 
2181, 1 
2182, 1 
2183, 0xc 
2184, 0 
2185, 0 
2186, 0 
2187, 0 
2188, 1 
2189, 0 
2190, 0 
2191, 0 
2193, 0 
2194, 1 
2195, 1 
2196, 1 
2197, 1 
2198, 1 
2199, 1 
2200, 1 
2201, 0x9 
2202, 0 
2203, 1 
2204, 0 
2205, 0 
2206, 0 
2208, 1 
2209, 1 
2210, 1 
2211, 1 
2212, 1 
2213, 0 
2214, 1 
2215, 1 
2216, 0xb 
2217, 0 
2218, 0 
2219, 0 
2220, 1 
2221, 0 
2222, 0 
2223, 0 
2224, 0 
2226, 1 
2227, 1 
2228, 1 
2229, 0 
2230, 1 
2231, 0 
2232, 1 
2233, 1 
2234, 0xc 
2235, 0 
2236, 0 
2237, 0 
2238, 0 
2239, 1 
2240, 0 
2241, 0 
2242, 0 
2244, 1 
2245, 1 
2246, 1 
2247, 1 
2248, 1 
2249, 1 
2250, 1 
2251, 1 
2252, 0xb 
2253, 0 
2254, 0 
2255, 0 
2256, 1 
2257, 0 
2258, 0 
2259, 0 
2260, 0 
2262, 1 
2263, 1 
2264, 1 
2265, 0 
2266, 1 
2267, 1 
2268, 1 
2269, 1 
2270, 0xc 
2271, 0 
2272, 0 
2273, 0 
2274, 0 
2275, 1 
2277, 1 
2278, 1 
2279, 1 
2280, 1 
2281, 1 
2282, 1 
2283, 1 
2284, 0 
2285, 0x8 
2286, 1 
2287, 0 
2288, 0 
2289, 0 
2290, 0 
2291, 0 
2292, 0 
2293, 0 
2295, 1 
2296, 1 
2297, 1 
2298, 1 
2299, 1 
2300, 0 
2301, 1 
2302, 1 
2303, 0xa 
2304, 0 
2305, 0 
2306, 1 
2307, 0 
2308, 0 
2309, 0 
2310, 0 
2311, 0 
2313, 1 
2314, 1 
2315, 1 
2316, 0 
2317, 1 
2318, 1 
2319, 1 
2320, 1 
2321, 0x9 
2322, 0 
2323, 1 
2324, 0 
2325, 0 
2326, 0 
2327, 0 
2328, 0 
2329, 0 
2331, 1 
2332, 1 
2333, 0 
2334, 1 
2335, 0 
2336, 0 
2337, 1 
2338, 1 
2339, 0x9 
2340, 0 
2341, 1 
2342, 0 
2343, 0 
2344, 0 
2346, 1 
2347, 0 
2348, 1 
2349, 1 
2350, 1 
2351, 1 
2352, 1 
2353, 1 
2354, 0x8 
2355, 1 
2356, 0 
2357, 0 
2358, 0 
2359, 0 
2360, 0 
2361, 0 
2362, 0 
2364, 1 
2365, 0 
2366, 1 
2367, 1 
2368, 1 
2369, 0 
2370, 1 
2371, 1 
2372, 0xe 
2373, 0 
2374, 0 
2375, 0 
2376, 0 
2377, 0 
2378, 0 
2379, 1 
2380, 0 
2382, 1 
2383, 1 
2384, 1 
2385, 1 
2386, 1 
2387, 1 
2388, 1 
2389, 1 
2390, 0xd 
2391, 0 
2392, 0 
2393, 0 
2394, 0 
2395, 0 
2396, 1 
2397, 0 
2398, 0 
2400, 1 
2401, 1 
2402, 1 
2403, 1 
2404, 0 
2405, 1 
2406, 0 
2407, 0 
2408, 0x8 
2409, 1 
2410, 0 
2411, 0 
2412, 0 
2413, 0 
2415, 1 
2416, 1 
2417, 1 
2418, 1 
2419, 1 
2420, 1 
2421, 1 
2422, 1 
2423, 0x8 
2424, 1 
2425, 0 
2426, 0 
2427, 0 
2428, 0 
2429, 0 
2430, 0 
2431, 0 
2433, 1 
2434, 1 
2435, 0 
2436, 1 
2437, 1 
2438, 0 
2439, 1 
2440, 0 
2441, 0xf 
2442, 0 
2443, 0 
2444, 0 
2445, 0 
2446, 0 
2447, 0 
2448, 0 
2449, 1 
2451, 1 
2452, 1 
2453, 0 
2454, 0 
2455, 1 
2456, 1 
2457, 0 
2458, 1 
2459, 0x8 
2460, 1 
2461, 0 
2462, 0 
2463, 0 
2464, 0 
2465, 0 
2466, 0 
2467, 0 
2469, 0 
2470, 0 
2471, 1 
2472, 1 
2473, 1 
2474, 1 
2475, 1 
2476, 1 
2477, 0xe 
2478, 0 
2479, 0 
2480, 0 
2481, 0 
2482, 0 
2484, 1 
2485, 1 
2486, 1 
2487, 1 
2488, 1 
2489, 1 
2490, 1 
2491, 1 
2492, 0xa 
2493, 0 
2494, 0 
2495, 1 
2496, 0 
2497, 0 
2498, 0 
2499, 0 
2500, 0 
2502, 1 
2503, 1 
2504, 1 
2505, 1 
2506, 1 
2507, 1 
2508, 1 
2509, 1 
2510, 0x8 
2511, 1 
2512, 0 
2513, 0 
2514, 0 
2515, 0 
2516, 0 
2517, 0 
2518, 0 
2520, 0 
2521, 1 
2522, 1 
2523, 1 
2524, 1 
2525, 1 
2526, 1 
2527, 1 
2528, 0xa 
2529, 0 
2530, 0 
2531, 1 
2532, 0 
2533, 0 
2534, 0 
2535, 0 
2536, 0 
2538, 0 
2539, 1 
2540, 1 
2541, 1 
2542, 1 
2543, 1 
2544, 1 
2545, 0 
2546, 0xa 
2547, 0 
2548, 0 
2549, 1 
2550, 0 
2551, 0 
2553, 0 
2554, 1 
2555, 1 
2556, 0 
2557, 0 
2558, 1 
2559, 0 
2560, 0 
2561, 0xd 
2562, 0 
2563, 0 
2564, 0 
2565, 0 
2566, 0 
2567, 1 
2568, 0 
2569, 0 
2571, 1 
2572, 1 
2573, 1 
2574, 1 
2575, 1 
2576, 0 
2577, 1 
2578, 0 
2579, 0xc 
2580, 0 
2581, 0 
2582, 0 
2583, 0 
2584, 1 
2585, 0 
2586, 0 
2587, 0 
2589, 1 
2590, 1 
2591, 0 
2592, 1 
2593, 1 
2594, 0 
2595, 1 
2596, 1 
2597, 0xe 
2598, 0 
2599, 0 
2600, 0 
2601, 0 
2602, 0 
2603, 0 
2604, 1 
2605, 0 
2607, 1 
2608, 0 
2609, 1 
2610, 1 
2611, 1 
2612, 1 
2613, 0 
2614, 1 
2615, 0xb 
2616, 0 
2617, 0 
2618, 0 
2619, 1 
2620, 0 
2622, 0 
2623, 1 
2624, 1 
2625, 1 
2626, 1 
2627, 0 
2628, 1 
2629, 1 
2630, 0x8 
2631, 1 
2632, 0 
2633, 0 
2634, 0 
2635, 0 
2636, 0 
2637, 0 
2638, 0 
2640, 1 
2641, 1 
2642, 0 
2643, 1 
2644, 1 
2645, 1 
2646, 1 
2647, 1 
2648, 0xb 
2649, 0 
2650, 0 
2651, 0 
2652, 1 
2653, 0 
2654, 0 
2655, 0 
2656, 0 
2658, 1 
2659, 1 
2660, 0 
2661, 1 
2662, 0 
2663, 1 
2664, 1 
2665, 1 
2666, 0xf 
2667, 0 
2668, 0 
2669, 0 
2670, 0 
2671, 0 
2672, 0 
2673, 0 
2674, 1 
2676, 0 
2677, 1 
2678, 0 
2679, 1 
2680, 1 
2681, 1 
2682, 1 
2683, 1 
2684, 0xe 
2685, 0 
2686, 0 
2687, 0 
2688, 0 
2689, 0 
2691, 1 
2692, 1 
2693, 1 
2694, 1 
2695, 1 
2696, 1 
2697, 0 
2698, 1 
2699, 0x9 
2700, 0 
2701, 1 
2702, 0 
2703, 0 
2704, 0 
2705, 0 
2706, 0 
2707, 0 
2709, 0 
2710, 1 
2711, 1 
2712, 1 
2713, 1 
2714, 1 
2715, 1 
2716, 0 
2717, 0x9 
2718, 0 
2719, 1 
2720, 0 
2721, 0 
2722, 0 
2723, 0 
2724, 0 
2725, 0 
2727, 1 
2728, 1 
2729, 1 
2730, 1 
2731, 1 
2732, 1 
2733, 1 
2734, 0 
2735, 0xb 
2736, 0 
2737, 0 
2738, 0 
2739, 1 
2740, 0 
2741, 0 
2742, 0 
2743, 0 
2745, 0 
2746, 1 
2747, 1 
2748, 0 
2749, 1 
2750, 0 
2751, 1 
2752, 1 
2753, 0xd 
2754, 0 
2755, 0 
2756, 0 
2757, 0 
2758, 0 
2760, 1 
2761, 1 
2762, 1 
2763, 0 
2764, 0 
2765, 1 
2766, 1 
2767, 1 
2768, 0xb 
2769, 0 
2770, 0 
2771, 0 
2772, 1 
2773, 0 
2774, 0 
2775, 0 
2776, 0 
2778, 1 
2779, 1 
2780, 1 
2781, 1 
2782, 1 
2783, 1 
2784, 1 
2785, 1 
2786, 0xb 
2787, 0 
2788, 0 
2789, 0 
2790, 1 
2791, 0 
2792, 0 
2793, 0 
2794, 0 
2796, 1 
2797, 1 
2798, 1 
2799, 0 
2800, 1 
2801, 1 
2802, 1 
2803, 1 
2804, 0xa 
2805, 0 
2806, 0 
2807, 1 
2808, 0 
2809, 0 
2810, 0 
2811, 0 
2812, 0 
2814, 1 
2815, 1 
2816, 1 
2817, 0 
2818, 0 
2819, 0 
2820, 1 
2821, 0 
2822, 0xf 
2823, 0 
2824, 0 
2825, 0 
2826, 0 
2827, 0 
2829, 1 
2830, 0 
2831, 1 
2832, 1 
2833, 0 
2834, 1 
2835, 1 
2836, 1 
2837, 0xe 
2838, 0 
2839, 0 
2840, 0 
2841, 0 
2842, 0 
2843, 0 
2844, 1 
2845, 0 
2847, 1 
2848, 0 
2849, 0 
2850, 1 
2851, 1 
2852, 1 
2853, 1 
2854, 0 
2855, 0xe 
2856, 0 
2857, 0 
2858, 0 
2859, 0 
2860, 0 
2861, 0 
2862, 1 
2863, 0 
2865, 0 
2866, 1 
2867, 1 
2868, 0 
2869, 1 
2870, 1 
2871, 1 
2872, 1 
2873, 0x9 
2874, 0 
2875, 1 
2876, 0 
2877, 0 
2878, 0 
2879, 0 
2880, 0 
2881, 0 
2883, 0 
2884, 1 
2885, 0 
2886, 1 
2887, 1 
2888, 1 
2889, 1 
2890, 0 
2891, 0xf 
2892, 0 
2893, 0 
2894, 0 
2895, 0 
2896, 0 
2898, 1 
2899, 1 
2900, 1 
2901, 1 
2902, 0 
2903, 1 
2904, 1 
2905, 1 
2906, 0x8 
2907, 1 
2908, 0 
2909, 0 
2910, 0 
2911, 0 
2912, 0 
2913, 0 
2914, 0 
2916, 0 
2917, 1 
2918, 0 
2919, 1 
2920, 1 
2921, 1 
2922, 1 
2923, 0 
2924, 0x9 
2925, 0 
2926, 1 
2927, 0 
2928, 0 
2929, 0 
2930, 0 
2931, 0 
2932, 0 
2934, 1 
2935, 1 
2936, 1 
2937, 0 
2938, 1 
2939, 1 
2940, 1 
2941, 1 
2942, 0xc 
2943, 0 
2944, 0 
2945, 0 
2946, 0 
2947, 1 
2948, 0 
2949, 0 
2950, 0 
2952, 1 
2953, 0 
2954, 1 
2955, 1 
2956, 0 
2957, 0 
2958, 1 
2959, 1 
2960, 0x8 
2961, 1 
2962, 0 
2963, 0 
2964, 0 
2965, 0 
2967, 0 
2968, 0 
2969, 1 
2970, 0 
2971, 1 
2972, 1 
2973, 1 
2974, 1 
2975, 0x9 
2976, 0 
2977, 1 
2978, 0 
2979, 0 
2980, 0 
2981, 0 
2982, 0 
2983, 0 
2985, 1 
2986, 1 
2987, 0 
2988, 1 
2989, 1 
2990, 1 
2991, 0 
2992, 1 
2993, 0xe 
2994, 0 
2995, 0 
2996, 0 
2997, 0 
2998, 0 
2999, 0 
3000, 1 
3001, 0 
3003, 0 
3004, 1 
3005, 0 
3006, 0 
3007, 1 
3008, 1 
3009, 0 
3010, 1 
3011, 0x8 
3012, 1 
3013, 0 
3014, 0 
3015, 0 
3016, 0 
3017, 0 
3018, 0 
3019, 0 
3021, 1 
3022, 1 
3023, 1 
3024, 1 
3025, 1 
3026, 1 
3027, 1 
3028, 1 
3029, 0xa 
3030, 0 
3031, 0 
3032, 1 
3033, 0 
3034, 0 
3036, 1 
3037, 1 
3038, 1 
3039, 1 
3040, 0 
3041, 0 
3042, 1 
3043, 1 
3044, 0xb 
3045, 0 
3046, 0 
3047, 0 
3048, 1 
3049, 0 
3050, 0 
3051, 0 
3052, 0 
3054, 1 
3055, 1 
3056, 0 
3057, 1 
3058, 1 
3059, 1 
3060, 1 
3061, 1 
3062, 0x9 
3063, 0 
3064, 1 
3065, 0 
3066, 0 
3067, 0 
3068, 0 
3069, 0 
3070, 0 
3072, 0 
3073, 1 
3074, 1 
3075, 0 
3076, 1 
3077, 1 
3078, 1 
3079, 0 
3080, 0xd 
3081, 0 
3082, 0 
3083, 0 
3084, 0 
3085, 0 
3086, 1 
3087, 0 
3088, 0 
3090, 1 
3091, 1 
3092, 1 
3093, 1 
3094, 1 
3095, 1 
3096, 1 
3097, 1 
3098, 0x9 
3099, 0 
3100, 1 
3101, 0 
3102, 0 
3103, 0 
3105, 1 
3106, 1 
3107, 1 
3108, 0 
3109, 0 
3110, 1 
3111, 1 
3112, 1 
3113, 0xe 
3114, 0 
3115, 0 
3116, 0 
3117, 0 
3118, 0 
3119, 0 
3120, 1 
3121, 0 
3123, 1 
3124, 1 
3125, 1 
3126, 0 
3127, 1 
3128, 1 
3129, 0 
3130, 1 
3131, 0x8 
3132, 1 
3133, 0 
3134, 0 
3135, 0 
3136, 0 
3137, 0 
3138, 0 
3139, 0 
3141, 1 
3142, 1 
3143, 0 
3144, 1 
3145, 1 
3146, 0 
3147, 1 
3148, 1 
3149, 0xd 
3150, 0 
3151, 0 
3152, 0 
3153, 0 
3154, 0 
3155, 1 
3156, 0 
3157, 0 
3159, 1 
3160, 1 
3161, 1 
3162, 1 
3163, 0 
3164, 1 
3165, 1 
3166, 1 
3167, 0x8 
3168, 1 
3169, 0 
3170, 0 
3171, 0 
3172, 0 
3174, 0 
3175, 0 
3176, 1 
3177, 1 
3178, 1 
3179, 0 
3180, 1 
3181, 1 
3182, 0xc 
3183, 0 
3184, 0 
3185, 0 
3186, 0 
3187, 1 
3188, 0 
3189, 0 
3190, 0 
3192, 1 
3193, 0 
3194, 1 
3195, 1 
3196, 1 
3197, 0 
3198, 1 
3199, 1 
3200, 0xf 
3201, 0 
3202, 0 
3203, 0 
3204, 0 
3205, 0 
3206, 0 
3207, 0 
3208, 1 
3210, 1 
3211, 1 
3212, 1 
3213, 1 
3214, 1 
3215, 0 
3216, 1 
3217, 1 
3218, 0xa 
3219, 0 
3220, 0 
3221, 1 
3222, 0 
3223, 0 
3224, 0 
3225, 0 
3226, 0 
3228, 1 
3229, 1 
3230, 1 
3231, 1 
3232, 0 
3233, 1 
3234, 1 
3235, 1 
3236, 0xf 
3237, 0 
3238, 0 
3239, 0 
3240, 0 
3241, 0 
3243, 1 
3244, 1 
3245, 1 
3246, 1 
3247, 1 
3248, 1 
3249, 1 
3250, 1 
3251, 0xa 
3252, 0 
3253, 0 
3254, 1 
3255, 0 
3256, 0 
3257, 0 
3258, 0 
3259, 0 
3261, 0 
3262, 1 
3263, 1 
3264, 0 
3265, 1 
3266, 0 
3267, 0 
3268, 1 
3269, 0xa 
3270, 0 
3271, 0 
3272, 1 
3273, 0 
3274, 0 
3275, 0 
3276, 0 
3277, 0 
3279, 0 
3280, 1 
3281, 1 
3282, 1 
3283, 1 
3284, 1 
3285, 1 
3286, 0 
3287, 0xd 
3288, 0 
3289, 0 
3290, 0 
3291, 0 
3292, 0 
3293, 1 
3294, 0 
3295, 0 
3297, 1 
3298, 1 
3299, 1 
3300, 1 
3301, 1 
3302, 1 
3303, 1 
3304, 1 
3305, 0xc 
3306, 0 
3307, 0 
3308, 0 
3309, 0 
3310, 1 
3312, 0 
3313, 0 
3314, 0 
3315, 1 
3316, 0 
3317, 0 
3318, 1 
3319, 1 
3320, 0x8 
3321, 1 
3322, 0 
3323, 0 
3324, 0 
3325, 0 
3326, 0 
3327, 0 
3328, 0 
3330, 1 
3331, 1 
3332, 0 
3333, 1 
3334, 1 
3335, 1 
3336, 1 
3337, 1 
3338, 0x8 
3339, 1 
3340, 0 
3341, 0 
3342, 0 
3343, 0 
3344, 0 
3345, 0 
3346, 0 
3348, 0 
3349, 1 
3350, 1 
3351, 0 
3352, 1 
3353, 1 
3354, 1 
3355, 1 
3356, 0xd 
3357, 0 
3358, 0 
3359, 0 
3360, 0 
3361, 0 
3362, 1 
3363, 0 
3364, 0 
3366, 1 
3367, 1 
3368, 1 
3369, 1 
3370, 0 
3371, 1 
3372, 1 
3373, 1 
3374, 0xe 
3375, 0 
3376, 0 
3377, 0 
3378, 0 
3379, 0 
3381, 1 
3382, 1 
3383, 0 
3384, 0 
3385, 1 
3386, 1 
3387, 1 
3388, 1 
3389, 0x8 
3390, 1 
3391, 0 
3392, 0 
3393, 0 
3394, 0 
3395, 0 
3396, 0 
3397, 0 
3399, 0 
3400, 1 
3401, 1 
3402, 0 
3403, 1 
3404, 1 
3405, 1 
3406, 1 
3407, 0x9 
3408, 0 
3409, 1 
3410, 0 
3411, 0 
3412, 0 
3413, 0 
3414, 0 
3415, 0 
3417, 1 
3418, 1 
3419, 1 
3420, 1 
3421, 1 
3422, 0 
3423, 1 
3424, 1 
3425, 0xa 
3426, 0 
3427, 0 
3428, 1 
3429, 0 
3430, 0 
3431, 0 
3432, 0 
3433, 0 
3435, 0 
3436, 1 
3437, 1 
3438, 1 
3439, 1 
3440, 1 
3441, 1 
3442, 1 
3443, 0xe 
3444, 0 
3445, 0 
3446, 0 
3447, 0 
3448, 0 
3450, 1 
3451, 1 
3452, 1 
3453, 1 
3454, 0 
3455, 1 
3456, 1 
3457, 1 
3458, 0xf 
3459, 0 
3460, 0 
3461, 0 
3462, 0 
3463, 0 
3464, 0 
3465, 0 
3466, 1 
3468, 1 
3469, 1 
3470, 1 
3471, 1 
3472, 1 
3473, 1 
3474, 1 
3475, 1 
3476, 0xf 
3477, 0 
3478, 0 
3479, 0 
3480, 0 
3481, 0 
3482, 0 
3483, 0 
3484, 1 
3486, 1 
3487, 1 
3488, 1 
3489, 1 
3490, 1 
3491, 1 
3492, 0 
3493, 1 
3494, 0x8 
3495, 1 
3496, 0 
3497, 0 
3498, 0 
3499, 0 
3500, 0 
3501, 0 
3502, 0 
3504, 0 
3505, 1 
3506, 0 
3507, 1 
3508, 1 
3509, 1 
3510, 1 
3511, 1 
3512, 0xd 
3513, 0 
3514, 0 
3515, 0 
3516, 0 
3517, 0 
3519, 1 
3520, 1 
3521, 1 
3522, 1 
3523, 1 
3524, 1 
3525, 1 
3526, 0 
3527, 0x8 
3528, 1 
3529, 0 
3530, 0 
3531, 0 
3532, 0 
3533, 0 
3534, 0 
3535, 0 
3537, 0 
3538, 1 
3539, 1 
3540, 1 
3541, 1 
3542, 1 
3543, 1 
3544, 0 
3545, 0x8 
3546, 1 
3547, 0 
3548, 0 
3549, 0 
3550, 0 
3551, 0 
3552, 0 
3553, 0 
3555, 1 
3556, 1 
3557, 1 
3558, 1 
3559, 1 
3560, 1 
3561, 1 
3562, 1 
3563, 0xd 
3564, 0 
3565, 0 
3566, 0 
3567, 0 
3568, 0 
3569, 1 
3570, 0 
3571, 0 
3573, 1 
3574, 1 
3575, 1 
3576, 0 
3577, 0 
3578, 1 
3579, 1 
3580, 1 
3581, 0xd 
3582, 0 
3583, 0 
3584, 0 
3585, 0 
3586, 0 
3588, 1 
3589, 1 
3590, 1 
3591, 1 
3592, 1 
3593, 1 
3594, 1 
3595, 1 
3596, 0xe 
3597, 0 
3598, 0 
3599, 0 
3600, 0 
3601, 0 
3602, 0 
3603, 1 
3604, 0 
3606, 0 
3607, 1 
3608, 1 
3609, 1 
3610, 1 
3611, 1 
3612, 1 
3613, 1 
3614, 0xb 
3615, 0 
3616, 0 
3617, 0 
3618, 1 
3619, 0 
3620, 0 
3621, 0 
3622, 0 
3624, 1 
3625, 1 
3626, 1 
3627, 0 
3628, 1 
3629, 1 
3630, 0 
3631, 1 
3632, 0xe 
3633, 0 
3634, 0 
3635, 0 
3636, 0 
3637, 0 
3638, 0 
3639, 1 
3640, 0 
3642, 1 
3643, 1 
3644, 1 
3645, 1 
3646, 1 
3647, 1 
3648, 1 
3649, 1 
3650, 0xa 
3651, 0 
3652, 0 
3653, 1 
3654, 0 
3655, 0 
3657, 1 
3658, 1 
3659, 1 
3660, 0 
3661, 1 
3662, 1 
3663, 1 
3664, 1 
3665, 0x9 
3666, 0 
3667, 1 
3668, 0 
3669, 0 
3670, 0 
3671, 0 
3672, 0 
3673, 0 
3675, 1 
3676, 1 
3677, 1 
3678, 1 
3679, 1 
3680, 0 
3681, 0 
3682, 1 
3683, 0xe 
3684, 0 
3685, 0 
3686, 0 
3687, 0 
3688, 0 
3689, 0 
3690, 1 
3691, 0 
3693, 1 
3694, 1 
3695, 0 
3696, 1 
3697, 1 
3698, 0 
3699, 1 
3700, 1 
3701, 0xe 
3702, 0 
3703, 0 
3704, 0 
3705, 0 
3706, 0 
3707, 0 
3708, 1 
3709, 0 
3711, 1 
3712, 1 
3713, 1 
3714, 1 
3715, 1 
3716, 1 
3717, 1 
3718, 1 
3719, 0xf 
3720, 0 
3721, 0 
3722, 0 
3723, 0 
3724, 0 
3726, 1 
3727, 0 
3728, 1 
3729, 1 
3730, 1 
3731, 1 
3732, 0 
3733, 1 
3734, 0xf 
3735, 0 
3736, 0 
3737, 0 
3738, 0 
3739, 0 
3740, 0 
3741, 0 
3742, 1 
3744, 0 
3745, 1 
3746, 1 
3747, 1 
3748, 0 
3749, 0 
3750, 1 
3751, 1 
3752, 0xe 
3753, 0 
3754, 0 
3755, 0 
3756, 0 
3757, 0 
3758, 0 
3759, 1 
3760, 0 
3762, 1 
3763, 1 
3764, 1 
3765, 0 
3766, 1 
3767, 1 
3768, 0 
3769, 1 
3770, 0xe 
3771, 0 
3772, 0 
3773, 0 
3774, 0 
3775, 0 
3776, 0 
3777, 1 
3778, 0 
3780, 1 
3781, 1 
3782, 1 
3783, 1 
3784, 1 
3785, 1 
3786, 1 
3787, 1 
3788, 0xe 
3789, 0 
3790, 0 
3791, 0 
3792, 0 
3793, 0 
3795, 1 
3796, 1 
3797, 1 
3798, 1 
3799, 1 
3800, 1 
3801, 1 
3802, 1 
3803, 0xb 
3804, 0 
3805, 0 
3806, 0 
3807, 1 
3808, 0 
3809, 0 
3810, 0 
3811, 0 
3813, 1 
3814, 1 
3815, 0 
3816, 1 
3817, 1 
3818, 1 
3819, 1 
3820, 1 
3821, 0xb 
3822, 0 
3823, 0 
3824, 0 
3825, 1 
3826, 0 
3827, 0 
3828, 0 
3829, 0 
3831, 1 
3832, 0 
3833, 1 
3834, 1 
3835, 1 
3836, 1 
3837, 1 
3838, 1 
3839, 0xf 
3840, 0 
3841, 0 
3842, 0 
3843, 0 
3844, 0 
3845, 0 
3846, 0 
3847, 1 
3849, 1 
3850, 0 
3851, 1 
3852, 1 
3853, 0 
3854, 1 
3855, 1 
3856, 1 
3857, 0xc 
3858, 0 
3859, 0 
3860, 0 
3861, 0 
3862, 1 
3864, 1 
3865, 1 
3866, 1 
3867, 1 
3868, 1 
3869, 1 
3870, 1 
3871, 1 
3872, 0xf 
3873, 0 
3874, 0 
3875, 0 
3876, 0 
3877, 0 
3878, 0 
3879, 0 
3880, 1 
3882, 1 
3883, 1 
3884, 1 
3885, 1 
3886, 1 
3887, 1 
3888, 1 
3889, 0 
3890, 0xa 
3891, 0 
3892, 0 
3893, 1 
3894, 0 
3895, 0 
3896, 0 
3897, 0 
3898, 0 
3900, 1 
3901, 1 
3902, 1 
3903, 1 
3904, 1 
3905, 0 
3906, 1 
3907, 1 
3908, 0xe 
3909, 0 
3910, 0 
3911, 0 
3912, 0 
3913, 0 
3914, 0 
3915, 1 
3916, 0 
3918, 0 
3919, 1 
3920, 1 
3921, 1 
3922, 1 
3923, 1 
3924, 1 
3925, 0 
3926, 0x9 
3927, 0 
3928, 1 
3929, 0 
3930, 0 
3931, 0 
3933, 0 
3934, 1 
3935, 1 
3936, 1 
3937, 1 
3938, 1 
3939, 1 
3940, 1 
3941, 0x8 
3942, 1 
3943, 0 
3944, 0 
3945, 0 
3946, 0 
3947, 0 
3948, 0 
3949, 0 
3951, 0 
3952, 1 
3953, 1 
3954, 1 
3955, 1 
3956, 1 
3957, 1 
3958, 1 
3959, 0xd 
3960, 0 
3961, 0 
3962, 0 
3963, 0 
3964, 0 
3965, 1 
3966, 0 
3967, 0 
3969, 0 
3970, 1 
3971, 1 
3972, 1 
3973, 1 
3974, 1 
3975, 1 
3976, 1 
3977, 0xd 
3978, 0 
3979, 0 
3980, 0 
3981, 0 
3982, 0 
3983, 1 
3984, 0 
3985, 0 
3987, 1 
3988, 1 
3989, 1 
3990, 1 
3991, 1 
3992, 1 
3993, 0 
3994, 1 
3995, 0x9 
3996, 0 
3997, 1 
3998, 0 
3999, 0 
4000, 0 
4002, 1 
4003, 1 
4004, 1 
4005, 0 
4006, 1 
4007, 1 
4008, 1 
4009, 1 
4010, 0xd 
4011, 0 
4012, 0 
4013, 0 
4014, 0 
4015, 0 
4016, 1 
4017, 0 
4018, 0 
4020, 1 
4021, 1 
4022, 1 
4023, 0 
4024, 0 
4025, 0 
4026, 1 
4027, 1 
4028, 0xd 
4029, 0 
4030, 0 
4031, 0 
4032, 0 
4033, 0 
4034, 1 
4035, 0 
4036, 0 
4038, 0 
4039, 1 
4040, 1 
4041, 1 
4042, 1 
4043, 1 
4044, 1 
4045, 1 
4046, 0x8 
4047, 1 
4048, 0 
4049, 0 
4050, 0 
4051, 0 
4052, 0 
4053, 0 
4054, 0 
4056, 1 
4057, 0 
4058, 1 
4059, 1 
4060, 1 
4061, 1 
4062, 0 
4063, 1 
4064, 0xd 
4065, 0 
4066, 0 
4067, 0 
4068, 0 
4069, 0 
4071, 0 
4072, 0 
4073, 1 
4074, 1 
4075, 1 
4076, 1 
4077, 1 
4078, 1 
4079, 0xd 
4080, 0 
4081, 0 
4082, 0 
4083, 0 
4084, 0 
4085, 1 
4086, 0 
4087, 0 
4089, 1 
4090, 1 
4091, 1 
4092, 1 
4093, 1 
4094, 1 
4095, 0 
4096, 1 
4097, 0xf 
4098, 0 
4099, 0 
4100, 0 
4101, 0 
4102, 0 
4103, 0 
4104, 0 
4105, 1 
4107, 1 
4108, 1 
4109, 1 
4110, 1 
4111, 1 
4112, 0 
4113, 1 
4114, 0 
4115, 0xd 
4116, 0 
4117, 0 
4118, 0 
4119, 0 
4120, 0 
4121, 1 
4122, 0 
4123, 0 
4125, 1 
4126, 1 
4127, 1 
4128, 0 
4129, 1 
4130, 1 
4131, 0 
4132, 1 
4133, 0x9 
4134, 0 
4135, 1 
4136, 0 
4137, 0 
4138, 0 
4140, 0 
4141, 1 
4142, 1 
4143, 1 
4144, 1 
4145, 1 
4146, 1 
4147, 0 
4148, 0xc 
4149, 0 
4150, 0 
4151, 0 
4152, 0 
4153, 1 
4154, 0 
4155, 0 
4156, 0 
4158, 1 
4159, 1 
4160, 1 
4161, 0 
4162, 1 
4163, 1 
4164, 0 
4165, 0 
4166, 0xd 
4167, 0 
4168, 0 
4169, 0 
4170, 0 
4171, 0 
4172, 1 
4173, 0 
4174, 0 
4176, 1 
4177, 1 
4178, 0 
4179, 1 
4180, 1 
4181, 1 
4182, 1 
4183, 1 
4184, 0xc 
4185, 0 
4186, 0 
4187, 0 
4188, 0 
4189, 1 
4190, 0 
4191, 0 
4192, 0 
4194, 0 
4195, 1 
4196, 0 
4197, 1 
4198, 1 
4199, 1 
4200, 1 
4201, 1 
4202, 0xa 
4203, 0 
4204, 0 
4205, 1 
4206, 0 
4207, 0 
4209, 1 
4210, 1 
4211, 1 
4212, 1 
4213, 1 
4214, 1 
4215, 1 
4216, 1 
4217, 0xc 
4218, 0 
4219, 0 
4220, 0 
4221, 0 
4222, 1 
4223, 0 
4224, 0 
4225, 0 
4227, 1 
4228, 1 
4229, 1 
4230, 1 
4231, 1 
4232, 0 
4233, 1 
4234, 1 
4235, 0x9 
4236, 0 
4237, 1 
4238, 0 
4239, 0 
4240, 0 
4241, 0 
4242, 0 
4243, 0 
4245, 1 
4246, 1 
4247, 0 
4248, 1 
4249, 0 
4250, 1 
4251, 1 
4252, 1 
4253, 0xf 
4254, 0 
4255, 0 
4256, 0 
4257, 0 
4258, 0 
4259, 0 
4260, 0 
4261, 1 
4263, 1 
4264, 1 
4265, 1 
4266, 1 
4267, 1 
4268, 1 
4269, 1 
4270, 0 
4271, 0xc 
4272, 0 
4273, 0 
4274, 0 
4275, 0 
4276, 1 
4278, 0 
4279, 1 
4280, 1 
4281, 1 
4282, 1 
4283, 0 
4284, 1 
4285, 1 
4286, 0x9 
4287, 0 
4288, 1 
4289, 0 
4290, 0 
4291, 0 
4292, 0 
4293, 0 
4294, 0 
4296, 1 
4297, 1 
4298, 1 
4299, 1 
4300, 0 
4301, 1 
4302, 0 
4303, 1 
4304, 0xf 
4305, 0 
4306, 0 
4307, 0 
4308, 0 
4309, 0 
4310, 0 
4311, 0 
4312, 1 
4314, 1 
4315, 1 
4316, 1 
4317, 0 
4318, 1 
4319, 1 
4320, 1 
4321, 0 
4322, 0x8 
4323, 1 
4324, 0 
4325, 0 
4326, 0 
4327, 0 
4328, 0 
4329, 0 
4330, 0 
4332, 1 
4333, 1 
4334, 1 
4335, 1 
4336, 1 
4337, 1 
4338, 0 
4339, 0 
4340, 0xa 
4341, 0 
4342, 0 
4343, 1 
4344, 0 
4345, 0 
4347, 1 
4348, 1 
4349, 1 
4350, 1 
4351, 1 
4352, 0 
4353, 1 
4354, 1 
4355, 0xc 
4356, 0 
4357, 0 
4358, 0 
4359, 0 
4360, 1 
4361, 0 
4362, 0 
4363, 0 
4365, 1 
4366, 1 
4367, 1 
4368, 1 
4369, 0 
4370, 1 
4371, 0 
4372, 0 
4373, 0xc 
4374, 0 
4375, 0 
4376, 0 
4377, 0 
4378, 1 
4379, 0 
4380, 0 
4381, 0 
4383, 1 
4384, 1 
4385, 1 
4386, 1 
4387, 1 
4388, 1 
4389, 1 
4390, 1 
4391, 0xf 
4392, 0 
4393, 0 
4394, 0 
4395, 0 
4396, 0 
4397, 0 
4398, 0 
4399, 1 
4401, 1 
4402, 0 
4403, 0 
4404, 1 
4405, 1 
4406, 1 
4407, 1 
4408, 1 
4409, 0xe 
4410, 0 
4411, 0 
4412, 0 
4413, 0 
4414, 0 
4416, 1 
4417, 0 
4418, 0 
4419, 1 
4420, 1 
4421, 1 
4422, 1 
4423, 0 
4424, 0xd 
4425, 0 
4426, 0 
4427, 0 
4428, 0 
4429, 0 
4430, 1 
4431, 0 
4432, 0 
4434, 1 
4435, 1 
4436, 1 
4437, 1 
4438, 1 
4439, 1 
4440, 1 
4441, 0 
4442, 0x8 
4443, 1 
4444, 0 
4445, 0 
4446, 0 
4447, 0 
4448, 0 
4449, 0 
4450, 0 
4452, 1 
4453, 1 
4454, 1 
4455, 1 
4456, 1 
4457, 0 
4458, 0 
4459, 0 
4460, 0x8 
4461, 1 
4462, 0 
4463, 0 
4464, 0 
4465, 0 
4466, 0 
4467, 0 
4468, 0 
4470, 1 
4471, 1 
4472, 1 
4473, 0 
4474, 1 
4475, 1 
4476, 1 
4477, 1 
4478, 0xb 
4479, 0 
4480, 0 
4481, 0 
4482, 1 
4483, 0 
4485, 1 
4486, 1 
4487, 1 
4488, 1 
4489, 1 
4490, 0 
4491, 1 
4492, 0 
4493, 0xc 
4494, 0 
4495, 0 
4496, 0 
4497, 0 
4498, 1 
4499, 0 
4500, 0 
4501, 0 
4503, 0 
4504, 1 
4505, 1 
4506, 1 
4507, 1 
4508, 1 
4509, 1 
4510, 1 
4511, 0x8 
4512, 1 
4513, 0 
4514, 0 
4515, 0 
4516, 0 
4517, 0 
4518, 0 
4519, 0 
4521, 0 
4522, 1 
4523, 1 
4524, 0 
4525, 1 
4526, 0 
4527, 1 
4528, 1 
4529, 0xc 
4530, 0 
4531, 0 
4532, 0 
4533, 0 
4534, 1 
4535, 0 
4536, 0 
4537, 0 
4539, 0 
4540, 1 
4541, 1 
4542, 1 
4543, 1 
4544, 1 
4545, 1 
4546, 1 
4547, 0x9 
4548, 0 
4549, 1 
4550, 0 
4551, 0 
4552, 0 
4554, 0 
4555, 1 
4556, 1 
4557, 1 
4558, 1 
4559, 1 
4560, 1 
4561, 1 
4562, 0x9 
4563, 0 
4564, 1 
4565, 0 
4566, 0 
4567, 0 
4568, 0 
4569, 0 
4570, 0 
4572, 1 
4573, 1 
4574, 1 
4575, 1 
4576, 1 
4577, 1 
4578, 1 
4579, 1 
4580, 0x9 
4581, 0 
4582, 1 
4583, 0 
4584, 0 
4585, 0 
4586, 0 
4587, 0 
4588, 0 
4590, 0 
4591, 0 
4592, 1 
4593, 0 
4594, 1 
4595, 1 
4596, 1 
4597, 0 
4598, 0x9 
4599, 0 
4600, 1 
4601, 0 
4602, 0 
4603, 0 
4604, 0 
4605, 0 
4606, 0 
4608, 1 
4609, 0 
4610, 1 
4611, 0 
4612, 1 
4613, 1 
4614, 1 
4615, 1 
4616, 0xe 
4617, 0 
4618, 0 
4619, 0 
4620, 0 
4621, 0 
4623, 1 
4624, 1 
4625, 1 
4626, 1 
4627, 1 
4628, 1 
4629, 1 
4630, 0 
4631, 0xd 
4632, 0 
4633, 0 
4634, 0 
4635, 0 
4636, 0 
4637, 1 
4638, 0 
4639, 0 
4641, 1 
4642, 0 
4643, 1 
4644, 1 
4645, 1 
4646, 1 
4647, 1 
4648, 1 
4649, 0xc 
4650, 0 
4651, 0 
4652, 0 
4653, 0 
4654, 1 
4655, 0 
4656, 0 
4657, 0 
4659, 1 
4660, 1 
4661, 1 
4662, 1 
4663, 0 
4664, 0 
4665, 1 
4666, 0 
4667, 0xc 
4668, 0 
4669, 0 
4670, 0 
4671, 0 
4672, 1 
4673, 0 
4674, 0 
4675, 0 
4677, 1 
4678, 1 
4679, 1 
4680, 0 
4681, 1 
4682, 0 
4683, 1 
4684, 1 
4685, 0xd 
4686, 0 
4687, 0 
4688, 0 
4689, 0 
4690, 0 
4692, 1 
4693, 0 
4694, 0 
4695, 1 
4696, 0 
4697, 1 
4698, 0 
4699, 1 
4700, 0x8 
4701, 1 
4702, 0 
4703, 0 
4704, 0 
4705, 0 
4706, 0 
4707, 0 
4708, 0 
4710, 1 
4711, 1 
4712, 1 
4713, 0 
4714, 1 
4715, 1 
4716, 1 
4717, 0 
4718, 0x8 
4719, 1 
4720, 0 
4721, 0 
4722, 0 
4723, 0 
4724, 0 
4725, 0 
4726, 0 
4728, 1 
4729, 1 
4730, 1 
4731, 1 
4732, 0 
4733, 1 
4734, 1 
4735, 1 
4736, 0xd 
4737, 0 
4738, 0 
4739, 0 
4740, 0 
4741, 0 
4742, 1 
4743, 0 
4744, 0 
4746, 1 
4747, 0 
4748, 1 
4749, 0 
4750, 1 
4751, 0 
4752, 1 
4753, 1 
4754, 0x9 
4755, 0 
4756, 1 
4757, 0 
4758, 0 
4759, 0 
4761, 1 
4762, 1 
4763, 1 
4764, 1 
4765, 1 
4766, 1 
4767, 1 
4768, 1 
4769, 0x8 
4770, 1 
4771, 0 
4772, 0 
4773, 0 
4774, 0 
4775, 0 
4776, 0 
4777, 0 
4779, 0 
4780, 1 
4781, 1 
4782, 1 
4783, 1 
4784, 1 
4785, 0 
4786, 1 
4787, 0x9 
4788, 0 
4789, 1 
4790, 0 
4791, 0 
4792, 0 
4793, 0 
4794, 0 
4795, 0 
4797, 1 
4798, 1 
4799, 1 
4800, 0 
4801, 1 
4802, 1 
4803, 1 
4804, 1 
4805, 0xf 
4806, 0 
4807, 0 
4808, 0 
4809, 0 
4810, 0 
4811, 0 
4812, 0 
4813, 1 
4815, 1 
4816, 1 
4817, 1 
4818, 1 
4819, 1 
4820, 1 
4821, 1 
4822, 1 
4823, 0xa 
4824, 0 
4825, 0 
4826, 1 
4827, 0 
4828, 0 
4830, 1 
4831, 1 
4832, 1 
4833, 0 
4834, 1 
4835, 1 
4836, 1 
4837, 0 
4838, 0x9 
4839, 0 
4840, 1 
4841, 0 
4842, 0 
4843, 0 
4844, 0 
4845, 0 
4846, 0 
4848, 0 
4849, 1 
4850, 0 
4851, 1 
4852, 1 
4853, 1 
4854, 1 
4855, 0 
4856, 0x9 
4857, 0 
4858, 1 
4859, 0 
4860, 0 
4861, 0 
4862, 0 
4863, 0 
4864, 0 
4866, 1 
4867, 1 
4868, 1 
4869, 1 
4870, 0 
4871, 1 
4872, 1 
4873, 1 
4874, 0xf 
4875, 0 
4876, 0 
4877, 0 
4878, 0 
4879, 0 
4880, 0 
4881, 0 
4882, 1 
4884, 1 
4885, 0 
4886, 1 
4887, 1 
4888, 1 
4889, 1 
4890, 1 
4891, 1 
4892, 0xf 
4893, 0 
4894, 0 
4895, 0 
4896, 0 
4897, 0 
4899, 1 
4900, 1 
4901, 1 
4902, 1 
4903, 1 
4904, 1 
4905, 1 
4906, 1 
4907, 0xd 
4908, 0 
4909, 0 
4910, 0 
4911, 0 
4912, 0 
4913, 1 
4914, 0 
4915, 0 
4917, 1 
4918, 1 
4919, 1 
4920, 0 
4921, 1 
4922, 1 
4923, 1 
4924, 1 
4925, 0xc 
4926, 0 
4927, 0 
4928, 0 
4929, 0 
4930, 1 
4931, 0 
4932, 0 
4933, 0 
4935, 0 
4936, 1 
4937, 1 
4938, 1 
4939, 1 
4940, 1 
4941, 1 
4942, 1 
4943, 0x9 
4944, 0 
4945, 1 
4946, 0 
4947, 0 
4948, 0 
4949, 0 
4950, 0 
4951, 0 
4953, 1 
4954, 1 
4955, 1 
4956, 1 
4957, 1 
4958, 0 
4959, 1 
4960, 1 
4961, 0xf 
4962, 0 
4963, 0 
4964, 0 
4965, 0 
4966, 0 
4968, 1 
4969, 0 
4970, 1 
4971, 1 
4972, 1 
4973, 1 
4974, 0 
4975, 1 
4976, 0x8 
4977, 1 
4978, 0 
4979, 0 
4980, 0 
4981, 0 
4982, 0 
4983, 0 
4984, 0 
4986, 1 
4987, 1 
4988, 1 
4989, 1 
4990, 1 
4991, 1 
4992, 1 
4993, 1 
4994, 0xe 
4995, 0 
4996, 0 
4997, 0 
4998, 0 
4999, 0 
5000, 0 
5001, 1 
5002, 0 
5004, 1 
5005, 0 
5006, 1 
5007, 0 
5008, 0 
5009, 1 
5010, 0 
5011, 1 
5012, 0xc 
5013, 0 
5014, 0 
5015, 0 
5016, 0 
5017, 1 
5018, 0 
5019, 0 
5020, 0 
5022, 0 
5023, 1 
5024, 0 
5025, 1 
5026, 1 
5027, 1 
5028, 1 
5029, 1 
5030, 0xc 
5031, 0 
5032, 0 
5033, 0 
5034, 0 
5035, 1 
5037, 1 
5038, 0 
5039, 1 
5040, 1 
5041, 1 
5042, 1 
5043, 0 
5044, 1 
5045, 0xa 
5046, 0 
5047, 0 
5048, 1 
5049, 0 
5050, 0 
5051, 0 
5052, 0 
5053, 0 
5055, 1 
5056, 0 
5057, 1 
5058, 1 
5059, 1 
5060, 1 
5061, 1 
5062, 0 
5063, 0xa 
5064, 0 
5065, 0 
5066, 1 
5067, 0 
5068, 0 
5069, 0 
5070, 0 
5071, 0 
5073, 1 
5074, 1 
5075, 1 
5076, 1 
5077, 1 
5078, 1 
5079, 1 
5080, 1 
5081, 0x9 
5082, 0 
5083, 1 
5084, 0 
5085, 0 
5086, 0 
5087, 0 
5088, 0 
5089, 0 
5091, 0 
5092, 0 
5093, 1 
5094, 1 
5095, 1 
5096, 1 
5097, 1 
5098, 0 
5099, 0x9 
5100, 0 
5101, 1 
5102, 0 
5103, 0 
5104, 0 
5106, 1 
5107, 1 
5108, 0 
5109, 1 
5110, 1 
5111, 1 
5112, 1 
5113, 1 
5114, 0xa 
5115, 0 
5116, 0 
5117, 1 
5118, 0 
5119, 0 
5120, 0 
5121, 0 
5122, 0 
5124, 1 
5125, 1 
5126, 1 
5127, 1 
5128, 1 
5129, 1 
5130, 1 
5131, 0 
5132, 0x9 
5133, 0 
5134, 1 
5135, 0 
5136, 0 
5137, 0 
5138, 0 
5139, 0 
5140, 0 
5142, 1 
5143, 1 
5144, 0 
5145, 0 
5146, 0 
5147, 0 
5148, 1 
5149, 1 
5150, 0xd 
5151, 0 
5152, 0 
5153, 0 
5154, 0 
5155, 0 
5156, 1 
5157, 0 
5158, 0 
5160, 1 
5161, 1 
5162, 1 
5163, 1 
5164, 0 
5165, 1 
5166, 1 
5167, 1 
5168, 0xe 
5169, 0 
5170, 0 
5171, 0 
5172, 0 
5173, 0 
5175, 0 
5176, 1 
5177, 1 
5178, 1 
5179, 1 
5180, 1 
5181, 1 
5182, 1 
5183, 0xa 
5184, 0 
5185, 0 
5186, 1 
5187, 0 
5188, 0 
5189, 0 
5190, 0 
5191, 0 
5193, 1 
5194, 1 
5195, 1 
5196, 1 
5197, 1 
5198, 0 
5199, 1 
5200, 1 
5201, 0xc 
5202, 0 
5203, 0 
5204, 0 
5205, 0 
5206, 1 
5207, 0 
5208, 0 
5209, 0 
5211, 1 
5212, 1 
5213, 1 
5214, 1 
5215, 1 
5216, 1 
5217, 1 
5218, 1 
5219, 0xe 
5220, 0 
5221, 0 
5222, 0 
5223, 0 
5224, 0 
5225, 0 
5226, 1 
5227, 0 
5229, 1 
5230, 1 
5231, 0 
5232, 1 
5233, 1 
5234, 0 
5235, 0 
5236, 1 
5237, 0xa 
5238, 0 
5239, 0 
5240, 1 
5241, 0 
5242, 0 
5244, 0 
5245, 0 
5246, 0 
5247, 1 
5248, 0 
5249, 1 
5250, 1 
5251, 1 
5252, 0xd 
5253, 0 
5254, 0 
5255, 0 
5256, 0 
5257, 0 
5258, 1 
5259, 0 
5260, 0 
5262, 1 
5263, 1 
5264, 1 
5265, 1 
5266, 1 
5267, 1 
5268, 1 
5269, 1 
5270, 0xc 
5271, 0 
5272, 0 
5273, 0 
5274, 0 
5275, 1 
5276, 0 
5277, 0 
5278, 0 
5280, 1 
5281, 0 
5282, 1 
5283, 1 
5284, 1 
5285, 0 
5286, 0 
5287, 1 
5288, 0xd 
5289, 0 
5290, 0 
5291, 0 
5292, 0 
5293, 0 
5294, 1 
5295, 0 
5296, 0 
5298, 1 
5299, 0 
5300, 1 
5301, 1 
5302, 1 
5303, 1 
5304, 1 
5305, 1 
5306, 0xc 
5307, 0 
5308, 0 
5309, 0 
5310, 0 
5311, 1 
5313, 1 
5314, 1 
5315, 0 
5316, 1 
5317, 1 
5318, 1 
5319, 0 
5320, 0 
5321, 0xc 
5322, 0 
5323, 0 
5324, 0 
5325, 0 
5326, 1 
5327, 0 
5328, 0 
5329, 0 
5331, 1 
5332, 0 
5333, 1 
5334, 0 
5335, 1 
5336, 1 
5337, 1 
5338, 1 
5339, 0xa 
5340, 0 
5341, 0 
5342, 1 
5343, 0 
5344, 0 
5345, 0 
5346, 0 
5347, 0 
5349, 1 
5350, 1 
5351, 0 
5352, 0 
5353, 1 
5354, 1 
5355, 0 
5356, 1 
5357, 0x9 
5358, 0 
5359, 1 
5360, 0 
5361, 0 
5362, 0 
5363, 0 
5364, 0 
5365, 0 
5367, 0 
5368, 1 
5369, 1 
5370, 0 
5371, 1 
5372, 1 
5373, 1 
5374, 1 
5375, 0xc 
5376, 0 
5377, 0 
5378, 0 
5379, 0 
5380, 1 
5382, 1 
5383, 1 
5384, 1 
5385, 1 
5386, 1 
5387, 1 
5388, 1 
5389, 0 
5390, 0xf 
5391, 0 
5392, 0 
5393, 0 
5394, 0 
5395, 0 
5396, 0 
5397, 0 
5398, 1 
5400, 1 
5401, 1 
5402, 1 
5403, 1 
5404, 1 
5405, 1 
5406, 1 
5407, 1 
5408, 0xf 
5409, 0 
5410, 0 
5411, 0 
5412, 0 
5413, 0 
5414, 0 
5415, 0 
5416, 1 
5418, 0 
5419, 1 
5420, 0 
5421, 1 
5422, 1 
5423, 0 
5424, 1 
5425, 1 
5426, 0xe 
5427, 0 
5428, 0 
5429, 0 
5430, 0 
5431, 0 
5432, 0 
5433, 1 
5434, 0 
5436, 0 
5437, 1 
5438, 1 
5439, 1 
5440, 1 
5441, 0 
5442, 0 
5443, 1 
5444, 0xb 
5445, 0 
5446, 0 
5447, 0 
5448, 1 
5449, 0 
5451, 1 
5452, 0 
5453, 1 
5454, 0 
5455, 0 
5456, 1 
5457, 1 
5458, 1 
5459, 0xd 
5460, 0 
5461, 0 
5462, 0 
5463, 0 
5464, 0 
5465, 1 
5466, 0 
5467, 0 
5469, 1 
5470, 0 
5471, 1 
5472, 1 
5473, 1 
5474, 1 
5475, 0 
5476, 1 
5477, 0xe 
5478, 0 
5479, 0 
5480, 0 
5481, 0 
5482, 0 
5483, 0 
5484, 1 
5485, 0 
5487, 1 
5488, 1 
5489, 1 
5490, 1 
5491, 1 
5492, 1 
5493, 1 
5494, 1 
5495, 0xe 
5496, 0 
5497, 0 
5498, 0 
5499, 0 
5500, 0 
5501, 0 
5502, 1 
5503, 0 
5505, 0 
5506, 1 
5507, 1 
5508, 0 
5509, 1 
5510, 0 
5511, 1 
5512, 1 
5513, 0xe 
5514, 0 
5515, 0 
5516, 0 
5517, 0 
5518, 0 
5520, 1 
5521, 1 
5522, 1 
5523, 1 
5524, 0 
5525, 0 
5526, 1 
5527, 1 
5528, 0x8 
5529, 1 
5530, 0 
5531, 0 
5532, 0 
5533, 0 
5534, 0 
5535, 0 
5536, 0 
5538, 0 
5539, 1 
5540, 0 
5541, 1 
5542, 1 
5543, 1 
5544, 0 
5545, 1 
5546, 0x8 
5547, 1 
5548, 0 
5549, 0 
5550, 0 
5551, 0 
5552, 0 
5553, 0 
5554, 0 
5556, 0 
5557, 0 
5558, 1 
5559, 1 
5560, 0 
5561, 0 
5562, 1 
5563, 1 
5564, 0xe 
5565, 0 
5566, 0 
5567, 0 
5568, 0 
5569, 0 
5570, 0 
5571, 1 
5572, 0 
5574, 1 
5575, 1 
5576, 0 
5577, 1 
5578, 1 
5579, 1 
5580, 1 
5581, 1 
5582, 0xc 
5583, 0 
5584, 0 
5585, 0 
5586, 0 
5587, 1 
5589, 1 
5590, 1 
5591, 1 
5592, 0 
5593, 0 
5594, 1 
5595, 0 
5596, 1 
5597, 0xb 
5598, 0 
5599, 0 
5600, 0 
5601, 1 
5602, 0 
5603, 0 
5604, 0 
5605, 0 
5607, 1 
5608, 1 
5609, 0 
5610, 1 
5611, 1 
5612, 1 
5613, 1 
5614, 0 
5615, 0xc 
5616, 0 
5617, 0 
5618, 0 
5619, 0 
5620, 1 
5621, 0 
5622, 0 
5623, 0 
5625, 0 
5626, 1 
5627, 1 
5628, 0 
5629, 0 
5630, 1 
5631, 0 
5632, 1 
5633, 0xa 
5634, 0 
5635, 0 
5636, 1 
5637, 0 
5638, 0 
5639, 0 
5640, 0 
5641, 0 
5643, 1 
5644, 0 
5645, 0 
5646, 1 
5647, 1 
5648, 0 
5649, 1 
5650, 0 
5651, 0xe 
5652, 0 
5653, 0 
5654, 0 
5655, 0 
5656, 0 
5658, 1 
5659, 0 
5660, 1 
5661, 0 
5662, 1 
5663, 1 
5664, 0 
5665, 1 
5666, 0x9 
5667, 0 
5668, 1 
5669, 0 
5670, 0 
5671, 0 
5672, 0 
5673, 0 
5674, 0 
5676, 1 
5677, 0 
5678, 1 
5679, 1 
5680, 1 
5681, 1 
5682, 0 
5683, 0 
5684, 0xa 
5685, 0 
5686, 0 
5687, 1 
5688, 0 
5689, 0 
5690, 0 
5691, 0 
5692, 0 
5694, 0 
5695, 1 
5696, 1 
5697, 1 
5698, 1 
5699, 0 
5700, 1 
5701, 1 
5702, 0xb 
5703, 0 
5704, 0 
5705, 0 
5706, 1 
5707, 0 
5708, 0 
5709, 0 
5710, 0 
5712, 1 
5713, 1 
5714, 1 
5715, 1 
5716, 1 
5717, 1 
5718, 1 
5719, 1 
5720, 0x8 
5721, 1 
5722, 0 
5723, 0 
5724, 0 
5725, 0 
5727, 0 
5728, 1 
5729, 1 
5730, 1 
5731, 1 
5732, 0 
5733, 1 
5734, 0 
5735, 0xe 
5736, 0 
5737, 0 
5738, 0 
5739, 0 
5740, 0 
5741, 0 
5742, 1 
5743, 0 
5745, 1 
5746, 0 
5747, 1 
5748, 1 
5749, 0 
5750, 1 
5751, 1 
5752, 1 
5753, 0xb 
5754, 0 
5755, 0 
5756, 0 
5757, 1 
5758, 0 
5759, 0 
5760, 0 
5761, 0 
5763, 1 
5764, 1 
5765, 1 
5766, 0 
5767, 0 
5768, 1 
5769, 1 
5770, 1 
5771, 0x9 
5772, 0 
5773, 1 
5774, 0 
5775, 0 
5776, 0 
5777, 0 
5778, 0 
5779, 0 
5781, 1 
5782, 1 
5783, 1 
5784, 0 
5785, 0 
5786, 1 
5787, 1 
5788, 0 
5789, 0xf 
5790, 0 
5791, 0 
5792, 0 
5793, 0 
5794, 0 
5796, 1 
5797, 1 
5798, 1 
5799, 1 
5800, 0 
5801, 1 
5802, 1 
5803, 1 
5804, 0x9 
5805, 0 
5806, 1 
5807, 0 
5808, 0 
5809, 0 
5810, 0 
5811, 0 
5812, 0 
5814, 1 
5815, 1 
5816, 0 
5817, 1 
5818, 0 
5819, 0 
5820, 1 
5821, 1 
5822, 0xe 
5823, 0 
5824, 0 
5825, 0 
5826, 0 
5827, 0 
5828, 0 
5829, 1 
5830, 0 
5832, 1 
5833, 1 
5834, 1 
5835, 1 
5836, 0 
5837, 0 
5838, 1 
5839, 0 
5840, 0xd 
5841, 0 
5842, 0 
5843, 0 
5844, 0 
5845, 0 
5846, 1 
5847, 0 
5848, 0 
5850, 1 
5851, 1 
5852, 1 
5853, 1 
5854, 1 
5855, 1 
5856, 1 
5857, 1 
5858, 0xc 
5859, 0 
5860, 0 
5861, 0 
5862, 0 
5863, 1 
5865, 1 
5866, 0 
5867, 1 
5868, 0 
5869, 1 
5870, 1 
5871, 1 
5872, 0 
5873, 0xf 
5874, 0 
5875, 0 
5876, 0 
5877, 0 
5878, 0 
5879, 0 
5880, 0 
5881, 1 
5883, 1 
5884, 1 
5885, 1 
5886, 0 
5887, 0 
5888, 1 
5889, 1 
5890, 1 
5891, 0xa 
5892, 0 
5893, 0 
5894, 1 
5895, 0 
5896, 0 
5897, 0 
5898, 0 
5899, 0 
5901, 1 
5902, 1 
5903, 0 
5904, 0 
5905, 1 
5906, 0 
5907, 1 
5908, 1 
5909, 0x8 
5910, 1 
5911, 0 
5912, 0 
5913, 0 
5914, 0 
5915, 0 
5916, 0 
5917, 0 
5919, 0 
5920, 0 
5921, 1 
5922, 1 
5923, 0 
5924, 1 
5925, 0 
5926, 0 
5927, 0x8 
5928, 1 
5929, 0 
5930, 0 
5931, 0 
5932, 0 
5934, 0 
5935, 1 
5936, 1 
5937, 1 
5938, 0 
5939, 1 
5940, 1 
5941, 1 
5942, 0xa 
5943, 0 
5944, 0 
5945, 1 
5946, 0 
5947, 0 
5948, 0 
5949, 0 
5950, 0 
5952, 1 
5953, 1 
5954, 1 
5955, 1 
5956, 1 
5957, 1 
5958, 1 
5959, 1 
5960, 0xa 
5961, 0 
5962, 0 
5963, 1 
5964, 0 
5965, 0 
5966, 0 
5967, 0 
5968, 0 
5970, 1 
5971, 0 
5972, 1 
5973, 1 
5974, 1 
5975, 1 
5976, 1 
5977, 1 
5978, 0xc 
5979, 0 
5980, 0 
5981, 0 
5982, 0 
5983, 1 
5984, 0 
5985, 0 
5986, 0 
5988, 1 
5989, 1 
5990, 0 
5991, 1 
5992, 1 
5993, 1 
5994, 0 
5995, 1 
5996, 0x8 
5997, 1 
5998, 0 
5999, 0 
6000, 0 
6001, 0 
6003, 0 
6004, 0 
6005, 1 
6006, 1 
6007, 1 
6008, 0 
6009, 1 
6010, 0 
6011, 0xd 
6012, 0 
6013, 0 
6014, 0 
6015, 0 
6016, 0 
6017, 1 
6018, 0 
6019, 0 
6021, 1 
6022, 0 
6023, 1 
6024, 1 
6025, 1 
6026, 0 
6027, 1 
6028, 1 
6029, 0xf 
6030, 0 
6031, 0 
6032, 0 
6033, 0 
6034, 0 
6035, 0 
6036, 0 
6037, 1 
6039, 1 
6040, 1 
6041, 1 
6042, 1 
6043, 1 
6044, 1 
6045, 1 
6046, 0 
6047, 0x9 
6048, 0 
6049, 1 
6050, 0 
6051, 0 
6052, 0 
6053, 0 
6054, 0 
6055, 0 
6057, 1 
6058, 1 
6059, 0 
6060, 1 
6061, 0 
6062, 1 
6063, 1 
6064, 1 
6065, 0xe 
6066, 0 
6067, 0 
6068, 0 
6069, 0 
6070, 0 
6072, 0 
6073, 0 
6074, 1 
6075, 1 
6076, 0 
6077, 0 
6078, 1 
6079, 1 
6080, 0xe 
6081, 0 
6082, 0 
6083, 0 
6084, 0 
6085, 0 
6086, 0 
6087, 1 
6088, 0 
6090, 1 
6091, 1 
6092, 0 
6093, 1 
6094, 1 
6095, 1 
6096, 1 
6097, 1 
6098, 0xf 
6099, 0 
6100, 0 
6101, 0 
6102, 0 
6103, 0 
6104, 0 
6105, 0 
6106, 1 
6108, 1 
6109, 1 
6110, 1 
6111, 1 
6112, 1 
6113, 1 
6114, 1 
6115, 1 
6116, 0x9 
6117, 0 
6118, 1 
6119, 0 
6120, 0 
6121, 0 
6122, 0 
6123, 0 
6124, 0 
6126, 1 
6127, 1 
6128, 1 
6129, 1 
6130, 1 
6131, 0 
6132, 0 
6133, 0 
6134, 0xd 
6135, 0 
6136, 0 
6137, 0 
6138, 0 
6139, 0 
6141, 0 
6142, 1 
6143, 1 
6144, 1 
6145, 1 
6146, 1 
6147, 1 
6148, 1 
6149, 0xd 
6150, 0 
6151, 0 
6152, 0 
6153, 0 
6154, 0 
6155, 1 
6156, 0 
6157, 0 
6159, 1 
6160, 1 
6161, 1 
6162, 1 
6163, 1 
6164, 0 
6165, 1 
6166, 1 
6167, 0xb 
6168, 0 
6169, 0 
6170, 0 
6171, 1 
6172, 0 
6173, 0 
6174, 0 
6175, 0 
6177, 1 
6178, 1 
6179, 1 
6180, 1 
6181, 0 
6182, 1 
6183, 1 
6184, 1 
6185, 0xe 
6186, 0 
6187, 0 
6188, 0 
6189, 0 
6190, 0 
6191, 0 
6192, 1 
6193, 0 
6195, 1 
6196, 1 
6197, 0 
6198, 1 
6199, 1 
6200, 1 
6201, 1 
6202, 1 
6203, 0xe 
6204, 0 
6205, 0 
6206, 0 
6207, 0 
6208, 0 
6210, 1 
6211, 1 
6212, 1 
6213, 1 
6214, 1 
6215, 0 
6216, 1 
6217, 0 
6218, 0xe 
6219, 0 
6220, 0 
6221, 0 
6222, 0 
6223, 0 
6224, 0 
6225, 1 
6226, 0 
6228, 0 
6229, 1 
6230, 0 
6231, 1 
6232, 1 
6233, 1 
6234, 1 
6235, 1 
6236, 0xc 
6237, 0 
6238, 0 
6239, 0 
6240, 0 
6241, 1 
6242, 0 
6243, 0 
6244, 0 
6246, 1 
6247, 1 
6248, 1 
6249, 1 
6250, 1 
6251, 1 
6252, 1 
6253, 0 
6254, 0xb 
6255, 0 
6256, 0 
6257, 0 
6258, 1 
6259, 0 
6260, 0 
6261, 0 
6262, 0 
6264, 0 
6265, 0 
6266, 1 
6267, 1 
6268, 0 
6269, 1 
6270, 1 
6271, 1 
6272, 0x8 
6273, 1 
6274, 0 
6275, 0 
6276, 0 
6277, 0 
6279, 1 
6280, 0 
6281, 1 
6282, 1 
6283, 1 
6284, 1 
6285, 1 
6286, 1 
6287, 0xe 
6288, 0 
6289, 0 
6290, 0 
6291, 0 
6292, 0 
6293, 0 
6294, 1 
6295, 0 
6297, 1 
6298, 1 
6299, 1 
6300, 1 
6301, 1 
6302, 1 
6303, 1 
6304, 1 
6305, 0xf 
6306, 0 
6307, 0 
6308, 0 
6309, 0 
6310, 0 
6311, 0 
6312, 0 
6313, 1 
6315, 0 
6316, 1 
6317, 1 
6318, 1 
6319, 1 
6320, 1 
6321, 0 
6322, 0 
6323, 0xc 
6324, 0 
6325, 0 
6326, 0 
6327, 0 
6328, 1 
6329, 0 
6330, 0 
6331, 0 
6333, 1 
6334, 1 
6335, 1 
6336, 0 
6337, 1 
6338, 1 
6339, 1 
6340, 1 
6341, 0x8 
6342, 1 
6343, 0 
6344, 0 
6345, 0 
6346, 0 
6348, 1 
6349, 1 
6350, 1 
6351, 1 
6352, 1 
6353, 1 
6354, 1 
6355, 1 
6356, 0xa 
6357, 0 
6358, 0 
6359, 1 
6360, 0 
6361, 0 
6362, 0 
6363, 0 
6364, 0 
6366, 0 
6367, 0 
6368, 1 
6369, 1 
6370, 1 
6371, 1 
6372, 0 
6373, 1 
6374, 0x8 
6375, 1 
6376, 0 
6377, 0 
6378, 0 
6379, 0 
6380, 0 
6381, 0 
6382, 0 
6384, 0 
6385, 0 
6386, 1 
6387, 1 
6388, 0 
6389, 0 
6390, 1 
6391, 0 
6392, 0xc 
6393, 0 
6394, 0 
6395, 0 
6396, 0 
6397, 1 
6398, 0 
6399, 0 
6400, 0 
6402, 1 
6403, 0 
6404, 1 
6405, 1 
6406, 1 
6407, 1 
6408, 1 
6409, 1 
6410, 0xe 
6411, 0 
6412, 0 
6413, 0 
6414, 0 
6415, 0 
6417, 1 
6418, 1 
6419, 1 
6420, 1 
6421, 1 
6422, 1 
6423, 1 
6424, 1 
6425, 0xe 
6426, 0 
6427, 0 
6428, 0 
6429, 0 
6430, 0 
6431, 0 
6432, 1 
6433, 0 
6435, 0 
6436, 1 
6437, 1 
6438, 1 
6439, 1 
6440, 1 
6441, 1 
6442, 1 
6443, 0xc 
6444, 0 
6445, 0 
6446, 0 
6447, 0 
6448, 1 
6449, 0 
6450, 0 
6451, 0 
6453, 1 
6454, 0 
6455, 1 
6456, 1 
6457, 1 
6458, 1 
6459, 1 
6460, 1 
6461, 0xb 
6462, 0 
6463, 0 
6464, 0 
6465, 1 
6466, 0 
6467, 0 
6468, 0 
6469, 0 
6471, 1 
6472, 1 
6473, 1 
6474, 1 
6475, 1 
6476, 1 
6477, 1 
6478, 1 
6479, 0xe 
6480, 0 
6481, 0 
6482, 0 
6483, 0 
6484, 0 
6486, 1 
6487, 1 
6488, 0 
6489, 0 
6490, 1 
6491, 1 
6492, 1 
6493, 1 
6494, 0xd 
6495, 0 
6496, 0 
6497, 0 
6498, 0 
6499, 0 
6500, 1 
6501, 0 
6502, 0 
6504, 1 
6505, 1 
6506, 1 
6507, 1 
6508, 1 
6509, 1 
6510, 1 
6511, 0 
6512, 0x9 
6513, 0 
6514, 1 
6515, 0 
6516, 0 
6517, 0 
6518, 0 
6519, 0 
6520, 0 
6522, 1 
6523, 0 
6524, 0 
6525, 1 
6526, 1 
6527, 0 
6528, 1 
6529, 1 
6530, 0x9 
6531, 0 
6532, 1 
6533, 0 
6534, 0 
6535, 0 
6536, 0 
6537, 0 
6538, 0 
6540, 1 
6541, 0 
6542, 0 
6543, 1 
6544, 1 
6545, 1 
6546, 1 
6547, 1 
6548, 0x8 
6549, 1 
6550, 0 
6551, 0 
6552, 0 
6553, 0 
6555, 0 
6556, 0 
6557, 0 
6558, 1 
6559, 1 
6560, 1 
6561, 0 
6562, 1 
6563, 0x8 
6564, 1 
6565, 0 
6566, 0 
6567, 0 
6568, 0 
6569, 0 
6570, 0 
6571, 0 
6573, 1 
6574, 1 
6575, 1 
6576, 0 
6577, 1 
6578, 1 
6579, 0 
6580, 0 
6581, 0x9 
6582, 0 
6583, 1 
6584, 0 
6585, 0 
6586, 0 
6587, 0 
6588, 0 
6589, 0 
6591, 0 
6592, 0 
6593, 1 
6594, 1 
6595, 1 
6596, 1 
6597, 1 
6598, 1 
6599, 0x8 
6600, 1 
6601, 0 
6602, 0 
6603, 0 
6604, 0 
6605, 0 
6606, 0 
6607, 0 
6609, 1 
6610, 1 
6611, 1 
6612, 1 
6613, 1 
6614, 1 
6615, 1 
6616, 1 
6617, 0x8 
6618, 1 
6619, 0 
6620, 0 
6621, 0 
6622, 0 
6624, 0 
6625, 1 
6626, 1 
6627, 1 
6628, 0 
6629, 1 
6630, 1 
6631, 1 
6632, 0x9 
6633, 0 
6634, 1 
6635, 0 
6636, 0 
6637, 0 
6638, 0 
6639, 0 
6640, 0 
6642, 1 
6643, 0 
6644, 1 
6645, 1 
6646, 1 
6647, 1 
6648, 1 
6649, 1 
6650, 0x8 
6651, 1 
6652, 0 
6653, 0 
6654, 0 
6655, 0 
6656, 0 
6657, 0 
6658, 0 
6660, 1 
6661, 1 
6662, 0 
6663, 1 
6664, 1 
6665, 1 
6666, 1 
6667, 1 
6668, 0x9 
6669, 0 
6670, 1 
6671, 0 
6672, 0 
6673, 0 
6674, 0 
6675, 0 
6676, 0 
6678, 1 
6679, 1 
6680, 1 
6681, 1 
6682, 1 
6683, 1 
6684, 1 
6685, 0 
6686, 0x9 
6687, 0 
6688, 1 
6689, 0 
6690, 0 
6691, 0 
6693, 1 
6694, 1 
6695, 1 
6696, 1 
6697, 1 
6698, 1 
6699, 1 
6700, 1 
6701, 0xa 
6702, 0 
6703, 0 
6704, 1 
6705, 0 
6706, 0 
6707, 0 
6708, 0 
6709, 0 
6711, 1 
6712, 0 
6713, 1 
6714, 1 
6715, 0 
6716, 1 
6717, 1 
6718, 1 
6719, 0x9 
6720, 0 
6721, 1 
6722, 0 
6723, 0 
6724, 0 
6725, 0 
6726, 0 
6727, 0 
6729, 0 
6730, 1 
6731, 0 
6732, 0 
6733, 0 
6734, 0 
6735, 1 
6736, 1 
6737, 0xe 
6738, 0 
6739, 0 
6740, 0 
6741, 0 
6742, 0 
6743, 0 
6744, 1 
6745, 0 
6747, 0 
6748, 1 
6749, 0 
6750, 1 
6751, 1 
6752, 1 
6753, 1 
6754, 0 
6755, 0xe 
6756, 0 
6757, 0 
6758, 0 
6759, 0 
6760, 0 
6762, 1 
6763, 0 
6764, 1 
6765, 1 
6766, 0 
6767, 1 
6768, 0 
6769, 1 
6770, 0xb 
6771, 0 
6772, 0 
6773, 0 
6774, 1 
6775, 0 
6776, 0 
6777, 0 
6778, 0 
6780, 1 
6781, 1 
6782, 1 
6783, 1 
6784, 1 
6785, 0 
6786, 0 
6787, 1 
6788, 0xb 
6789, 0 
6790, 0 
6791, 0 
6792, 1 
6793, 0 
6794, 0 
6795, 0 
6796, 0 
6798, 1 
6799, 1 
6800, 1 
6801, 0 
6802, 1 
6803, 1 
6804, 1 
6805, 1 
6806, 0xd 
6807, 0 
6808, 0 
6809, 0 
6810, 0 
6811, 0 
6812, 1 
6813, 0 
6814, 0 
6816, 0 
6817, 0 
6818, 0 
6819, 1 
6820, 0 
6821, 0 
6822, 1 
6823, 1 
6824, 0x8 
6825, 1 
6826, 0 
6827, 0 
6828, 0 
6829, 0 
6831, 1 
6832, 0 
6833, 0 
6834, 0 
6835, 1 
6836, 1 
6837, 1 
6838, 1 
6839, 0xc 
6840, 0 
6841, 0 
6842, 0 
6843, 0 
6844, 1 
6845, 0 
6846, 0 
6847, 0 
6849, 1 
6850, 1 
6851, 1 
6852, 1 
6853, 1 
6854, 1 
6855, 0 
6856, 1 
6857, 0xe 
6858, 0 
6859, 0 
6860, 0 
6861, 0 
6862, 0 
6863, 0 
6864, 1 
6865, 0 
6867, 1 
6868, 1 
6869, 1 
6870, 1 
6871, 1 
6872, 0 
6873, 1 
6874, 1 
6875, 0xe 
6876, 0 
6877, 0 
6878, 0 
6879, 0 
6880, 0 
6881, 0 
6882, 1 
6883, 0 
6885, 1 
6886, 0 
6887, 1 
6888, 1 
6889, 1 
6890, 1 
6891, 0 
6892, 0 
6893, 0xe 
6894, 0 
6895, 0 
6896, 0 
6897, 0 
6898, 0 
