[(0, [(34, 1), (47, 2), (2, 0), (56, 2)], True),
 (1, [(34, 1), (47, 2), (2, 1), (27, 2)], True)]
[(0, [(34, 1), (4, 2), (1, 0), (56, 2)], True),
 (1, [(34, 1), (4, 2), (1, 1), (27, 2)], True)]
[(0, [(34, 1), (4, 2), (2, 0), (56, 2)], True),
 (1, [(34, 1), (4, 2), (2, 1), (27, 2)], True)]
[(0, [(34, 1), (15, 2), (2, 0), (56, 2)], True),
 (1, [(34, 1), (15, 2), (2, 1), (27, 2)], True)]
[(0, [(33, 1), (15, 2), (2, 0), (56, 2)], True),
 (1, [(33, 1), (15, 2), (2, 1), (27, 2)], True)]
[(0, [(33, 1), (20, 2), (2, 0), (56, 2)], True),
 (1, [(33, 1), (20, 2), (2, 1), (27, 2)], True)]
[(0, [(35, 1), (20, 2), (2, 0), (56, 2)], True),
 (1, [(35, 1), (20, 2), (2, 1), (27, 2)], True)]
[(0, [(32, 1), (20, 2), (2, 0), (56, 2)], True),
 (1, [(32, 1), (20, 2), (2, 1), (27, 2)], True)]
[(0, [(32, 1), (23, 2), (0, 0), (56, 2)], True),
 (1, [(32, 1), (23, 2), (0, 1), (27, 2)], True)]
[(0, [(32, 1), (23, 2), (2, 0), (56, 2)], True),
 (1, [(32, 1), (23, 2), (2, 1), (27, 2)], True)]
[(0, [(33, 1), (23, 2), (2, 0), (56, 2)], True),
 (1, [(33, 1), (23, 2), (2, 1), (27, 2)], True)]
[(0, [(32, 1), (62, 2), (2, 0), (56, 2)], True),
 (1, [(32, 1), (62, 2), (2, 1), (27, 2)], True)]
[(0, [(32, 1), (28, 2), (2, 0), (56, 2)], True),
 (1, [(32, 1), (28, 2), (2, 1), (27, 2)], True)]
[(0, [(17, 0), (34, 1), (53, 2), (1, 0), (56, 2)], True),
 (1, [(17, 0), (34, 1), (53, 2), (1, 1), (27, 2)], True)]
[(0, [(19, 0), (34, 1), (53, 2), (1, 0), (56, 2)], True),
 (1, [(19, 0), (34, 1), (53, 2), (1, 1), (27, 2)], True)]
[(0, [(19, 0), (34, 1), (53, 2), (3, 0), (56, 2)], True),
 (1, [(19, 0), (34, 1), (53, 2), (3, 1), (27, 2)], True)]
[(0, [(19, 0), (50, 1), (55, 2), (3, 0), (56, 2)], True),
 (1, [(19, 0), (50, 1), (55, 2), (3, 1), (27, 2)], True)]
[(0, [(19, 0), (34, 1), (54, 2), (1, 0), (56, 2)], True),
 (1, [(19, 0), (34, 1), (54, 2), (1, 1), (27, 2)], True)]
[(0, [(19, 0), (34, 1), (55, 2), (1, 0), (56, 2)], True),
 (1, [(19, 0), (34, 1), (55, 2), (1, 1), (27, 2)], True)]
[(0, [(19, 0), (35, 1), (53, 2), (2, 0), (56, 2)], True),
 (1, [(19, 0), (35, 1), (53, 2), (2, 1), (27, 2)], True)]
[(0, [(19, 0), (35, 1), (55, 2), (2, 0), (56, 2)], True),
 (1, [(19, 0), (35, 1), (55, 2), (2, 1), (27, 2)], True)]
[(0, [(18, 0), (33, 1), (47, 2), (2, 0), (56, 2)], True),
 (1, [(18, 0), (33, 1), (47, 2), (2, 1), (27, 2)], True)]
[(0, [(35, 1), (12, 2), (1, 0), (56, 2)], True),
 (1, [(35, 1), (12, 2), (1, 1), (27, 2)], True)]
[(0, [(35, 1), (52, 2), (1, 0), (56, 2)], True),
 (1, [(35, 1), (52, 2), (1, 1), (27, 2)], True)]
[(0, [(51, 1), (32, 1), (54, 2), (2, 0), (56, 2)], True),
 (1, [(51, 1), (32, 1), (54, 2), (2, 1), (27, 2)], True)]
[(0, [(32, 1), (47, 2), (1, 0), (56, 2)], True),
 (1, [(32, 1), (47, 2), (1, 1), (27, 2)], True)]
[(0, [(32, 1), (62, 2), (3, 0), (56, 2)], True),
 (1, [(32, 1), (62, 2), (3, 1), (27, 2)], True)]
[(0, [(32, 1), (47, 2), (2, 0), (56, 2)], True),
 (1, [(32, 1), (47, 2), (2, 1), (27, 2)], True)]
[(0, [(32, 1), (46, 2), (2, 0), (56, 2)], True),
 (1, [(32, 1), (46, 2), (2, 1), (27, 2)], True)]
[(0,
  [(16, 0),
   (16, 0),
   (16, 0),
   (16, 0),
   (16, 0),
   (16, 0),
   (16, 0),
   (16, 0),
   (35, 1),
   (6, 2),
   (16, 1),
   (42, 2)],
  True),
 (1,
  [(16, 0),
   (16, 0),
   (16, 0),
   (16, 0),
   (16, 0),
   (16, 0),
   (16, 0),
   (16, 0),
   (35, 1),
   (6, 2),
   (16, 0),
   (0, 1),
   (27, 2)],
  True)]
[(0,
  [(16, 0),
   (16, 0),
   (16, 0),
   (16, 0),
   (16, 0),
   (16, 0),
   (16, 0),
   (16, 0),
   (50, 1),
   (6, 2),
   (16, 1),
   (42, 2)],
  True),
 (1,
  [(16, 0),
   (16, 0),
   (16, 0),
   (16, 0),
   (16, 0),
   (16, 0),
   (16, 0),
   (16, 0),
   (50, 1),
   (6, 2),
   (16, 0),
   (0, 1),
   (27, 2)],
  True)]
[(0,
  [(16, 0),
   (16, 0),
   (16, 0),
   (16, 0),
   (16, 0),
   (16, 0),
   (16, 0),
   (34, 1),
   (53, 2),
   (16, 1),
   (42, 2)],
  True),
 (1,
  [(16, 0),
   (16, 0),
   (16, 0),
   (16, 0),
   (16, 0),
   (16, 0),
   (16, 0),
   (34, 1),
   (53, 2),
   (16, 0),
   (0, 1),
   (27, 2)],
  True)]
[(0,
  [(16, 0),
   (16, 0),
   (16, 0),
   (16, 0),
   (16, 0),
   (16, 0),
   (16, 0),
   (34, 1),
   (29, 2),
   (16, 1),
   (42, 2)],
  True),
 (1,
  [(16, 0),
   (16, 0),
   (16, 0),
   (16, 0),
   (16, 0),
   (16, 0),
   (16, 0),
   (34, 1),
   (29, 2),
   (16, 0),
   (0, 1),
   (27, 2)],
  True)]
[(0,
  [(16, 0),
   (16, 0),
   (16, 0),
   (16, 0),
   (16, 0),
   (16, 0),
   (16, 0),
   (35, 1),
   (54, 2),
   (16, 1),
   (42, 2)],
  True),
 (1,
  [(16, 0),
   (16, 0),
   (16, 0),
   (16, 0),
   (16, 0),
   (16, 0),
   (16, 0),
   (35, 1),
   (54, 2),
   (16, 0),
   (0, 1),
   (27, 2)],
  True)]
[(0,
  [(16, 0),
   (16, 0),
   (16, 0),
   (16, 0),
   (16, 0),
   (16, 0),
   (16, 0),
   (35, 1),
   (52, 2),
   (16, 1),
   (42, 2)],
  True),
 (1,
  [(16, 0),
   (16, 0),
   (16, 0),
   (16, 0),
   (16, 0),
   (16, 0),
   (16, 0),
   (35, 1),
   (52, 2),
   (16, 0),
   (0, 1),
   (27, 2)],
  True)]
[(0,
  [(16, 0),
   (16, 0),
   (16, 0),
   (16, 0),
   (16, 0),
   (16, 0),
   (16, 0),
   (35, 1),
   (15, 2),
   (16, 1),
   (42, 2)],
  True),
 (1,
  [(16, 0),
   (16, 0),
   (16, 0),
   (16, 0),
   (16, 0),
   (16, 0),
   (16, 0),
   (35, 1),
   (15, 2),
   (16, 0),
   (16, 0),
   (1, 1),
   (27, 2)],
  True)]
[(0,
  [(16, 0),
   (16, 0),
   (16, 0),
   (16, 0),
   (16, 0),
   (16, 0),
   (16, 0),
   (16, 0),
   (34, 1),
   (54, 2),
   (3, 0),
   (42, 2)],
  True),
 (1,
  [(16, 0),
   (16, 0),
   (16, 0),
   (16, 0),
   (16, 0),
   (16, 0),
   (16, 0),
   (16, 0),
   (34, 1),
   (54, 2),
   (3, 1),
   (27, 2)],
  True)]
[(0,
  [(16, 0),
   (16, 0),
   (16, 0),
   (16, 0),
   (16, 0),
   (16, 0),
   (16, 0),
   (16, 0),
   (32, 1),
   (14, 2),
   (3, 0),
   (42, 2)],
  True),
 (1,
  [(16, 0),
   (16, 0),
   (16, 0),
   (16, 0),
   (16, 0),
   (16, 0),
   (16, 0),
   (16, 0),
   (32, 1),
   (14, 2),
   (3, 1),
   (27, 2)],
  True)]
[(0,
  [(16, 0),
   (16, 0),
   (16, 0),
   (16, 0),
   (16, 0),
   (16, 0),
   (16, 0),
   (16, 0),
   (34, 1),
   (14, 2),
   (3, 0),
   (42, 2)],
  True),
 (1,
  [(16, 0),
   (16, 0),
   (16, 0),
   (16, 0),
   (16, 0),
   (16, 0),
   (16, 0),
   (16, 0),
   (34, 1),
   (14, 2),
   (3, 1),
   (0, 0),
   (27, 2)],
  True)]
[(0,
  [(16, 0),
   (16, 0),
   (16, 0),
   (16, 0),
   (16, 0),
   (16, 0),
   (16, 0),
   (16, 0),
   (34, 1),
   (14, 2),
   (3, 0),
   (42, 2)],
  True),
 (1,
  [(16, 0),
   (16, 0),
   (16, 0),
   (16, 0),
   (16, 0),
   (16, 0),
   (16, 0),
   (16, 0),
   (34, 1),
   (14, 2),
   (3, 1),
   (27, 2)],
  True)]
[(0,
  [(16, 0),
   (16, 0),
   (16, 0),
   (16, 0),
   (16, 0),
   (16, 0),
   (16, 0),
   (16, 0),
   (50, 1),
   (52, 2),
   (3, 0),
   (42, 2)],
  True),
 (1,
  [(16, 0),
   (16, 0),
   (16, 0),
   (16, 0),
   (16, 0),
   (16, 0),
   (16, 0),
   (16, 0),
   (50, 1),
   (52, 2),
   (3, 1),
   (27, 2)],
  True)]
[(0,
  [(16, 0),
   (16, 0),
   (16, 0),
   (16, 0),
   (16, 0),
   (16, 0),
   (16, 0),
   (16, 0),
   (33, 1),
   (14, 2),
   (3, 0),
   (42, 2)],
  True),
 (1,
  [(16, 0),
   (16, 0),
   (16, 0),
   (16, 0),
   (16, 0),
   (16, 0),
   (16, 0),
   (16, 0),
   (33, 1),
   (14, 2),
   (3, 1),
   (27, 2)],
  True)]
[(0,
  [(16, 0),
   (16, 0),
   (16, 0),
   (16, 0),
   (16, 0),
   (16, 0),
   (16, 0),
   (16, 0),
   (33, 1),
   (52, 2),
   (3, 0),
   (42, 2)],
  True),
 (1,
  [(16, 0),
   (16, 0),
   (16, 0),
   (16, 0),
   (16, 0),
   (16, 0),
   (16, 0),
   (16, 0),
   (33, 1),
   (52, 2),
   (3, 1),
   (27, 2)],
  True)]
[(0,
  [(16, 0),
   (16, 0),
   (16, 0),
   (16, 0),
   (16, 0),
   (16, 0),
   (16, 0),
   (16, 0),
   (33, 1),
   (52, 2),
   (3, 0),
   (42, 2)],
  True),
 (1,
  [(16, 0),
   (16, 0),
   (16, 0),
   (16, 0),
   (16, 0),
   (16, 0),
   (16, 0),
   (16, 0),
   (33, 1),
   (52, 2),
   (3, 1),
   (27, 2)],
  True)]
