[(0, [(33, 1), (45, 2), (1, 0), (24, 2)], True),
 (1, [(33, 1), (45, 2), (1, 1), (25, 2)], True)]
[(0, [(33, 1), (45, 2), (1, 0), (24, 2)], True),
 (1, [(33, 1), (45, 2), (1, 1), (25, 2)], True)]
[(0, [(33, 1), (44, 2), (1, 0), (24, 2)], True),
 (1, [(33, 1), (44, 2), (1, 1), (25, 2)], True)]
[(0, [(34, 1), (45, 2), (1, 0), (24, 2)], True),
 (1, [(34, 1), (45, 2), (1, 1), (25, 2)], True)]
[(0, [(34, 1), (45, 2), (1, 0), (24, 2)], True),
 (1, [(34, 1), (45, 2), (1, 1), (25, 2)], True)]
[(0, [(35, 1), (44, 2), (1, 0), (24, 2)], True),
 (1, [(35, 1), (44, 2), (1, 1), (25, 2)], True)]
[(0, [(35, 1), (44, 2), (1, 0), (24, 2)], True),
 (1, [(35, 1), (44, 2), (1, 1), (25, 2)], True)]
[(0, [(35, 1), (44, 2), (1, 0), (24, 2)], True),
 (1, [(35, 1), (44, 2), (1, 1), (25, 2)], True)]
[(0, [(35, 1), (44, 2), (1, 0), (24, 2)], True),
 (1, [(35, 1), (44, 2), (1, 1), (25, 2)], True)]
[(0, [(35, 1), (20, 2), (1, 0), (24, 2)], True),
 (1, [(35, 1), (20, 2), (1, 1), (25, 2)], True)]
[(0, [(35, 1), (20, 2), (1, 0), (24, 2)], True),
 (1, [(35, 1), (20, 2), (1, 1), (25, 2)], True)]
[(0, [(35, 1), (20, 2), (1, 0), (24, 2)], True),
 (1, [(35, 1), (20, 2), (1, 1), (25, 2)], True)]
[(0, [(35, 1), (20, 2), (1, 0), (24, 2)], True),
 (1, [(35, 1), (20, 2), (1, 1), (27, 2)], True)]
[(0, [(35, 1), (39, 2), (1, 0), (24, 2)], True),
 (1, [(35, 1), (39, 2), (1, 1), (11, 2)], True)]
[(0, [(35, 1), (39, 2), (1, 0), (24, 2)], True),
 (1, [(35, 1), (39, 2), (1, 1), (51, 1), (57, 2)], True)]
[(0, [(35, 1), (12, 2), (1, 0), (15, 2)], False),
 (1, [(35, 1), (12, 2), (1, 1), (59, 2)], True)]
[(0, [(34, 1), (63, 2), (0, 0), (10, 2)], True),
 (1, [(34, 1), (63, 2), (0, 1), (59, 2)], True)]
[(0, [(34, 1), (20, 2), (0, 0), (24, 2)], True),
 (1, [(34, 1), (20, 2), (0, 1), (11, 2)], True)]
[(0, [(34, 1), (20, 2), (0, 0), (24, 2)], True),
 (1, [(34, 1), (20, 2), (0, 1), (11, 2)], True)]
[(0, [(34, 1), (31, 2), (0, 0), (24, 2)], True),
 (1, [(34, 1), (31, 2), (0, 1), (11, 2)], True)]
[(0, [(33, 1), (31, 2), (0, 0), (56, 2)], True),
 (1, [(33, 1), (31, 2), (0, 1), (11, 2)], True)]
[(0, [(32, 1), (45, 2), (0, 0), (24, 2)], True),
 (1, [(32, 1), (45, 2), (0, 1), (11, 2)], True)]
[(0, [(35, 1), (36, 2), (2, 0), (24, 2)], True),
 (1, [(35, 1), (36, 2), (2, 1), (59, 2)], True)]
[(0, [(35, 1), (45, 2), (2, 0), (24, 2)], True),
 (1, [(35, 1), (45, 2), (2, 1), (59, 2)], True)]
[(0, [(35, 1), (45, 2), (0, 0), (24, 2)], True),
 (1, [(35, 1), (45, 2), (0, 1), (59, 2)], True)]
[(0, [(35, 1), (6, 2), (2, 0), (24, 2)], True),
 (1, [(35, 1), (6, 2), (2, 1), (59, 2)], True)]
[(0, [(35, 1), (14, 2), (2, 0), (24, 2)], True),
 (1, [(35, 1), (14, 2), (2, 1), (59, 2)], True)]
[(0, [(33, 1), (14, 2), (1, 0), (24, 2)], True),
 (1, [(33, 1), (14, 2), (1, 1), (41, 2)], True)]
[(0, [(33, 1), (14, 2), (0, 0), (24, 2)], True),
 (1, [(33, 1), (14, 2), (0, 1), (25, 2)], True)]
[(0, [(33, 1), (14, 2), (0, 0), (24, 2)], True),
 (1, [(33, 1), (14, 2), (0, 1), (59, 2)], True)]
[(0, [(33, 1), (14, 2), (0, 0), (24, 2)], True),
 (1, [(33, 1), (14, 2), (0, 1), (9, 2)], True)]
[(0, [(33, 1), (14, 2), (0, 0), (24, 2)], True),
 (1, [(33, 1), (14, 2), (0, 1), (9, 2)], True)]
[(0, [(35, 1), (14, 2), (0, 0), (24, 2)], True),
 (1, [(35, 1), (14, 2), (0, 1), (9, 2)], True)]
[(0, [(35, 1), (37, 2), (0, 0), (56, 2)], True),
 (1, [(35, 1), (37, 2), (0, 1), (9, 2)], True)]
[(0, [(35, 1), (45, 2), (0, 0), (24, 2)], True),
 (1, [(35, 1), (45, 2), (0, 1), (25, 2)], True)]
[(0, [(35, 1), (45, 2), (0, 0), (24, 2)], True),
 (1, [(35, 1), (45, 2), (0, 1), (25, 2)], True)]
[(0, [(32, 1), (47, 2), (0, 0), (24, 2)], True),
 (1, [(32, 1), (47, 2), (0, 1), (9, 2)], True)]
[(0, [(34, 1), (39, 2), (1, 0), (24, 2)], True),
 (1, [(34, 1), (39, 2), (1, 1), (25, 2)], True)]
[(0, [(34, 1), (39, 2), (0, 0), (24, 2)], True),
 (1, [(34, 1), (39, 2), (0, 1), (25, 2)], True)]
[(0, [(34, 1), (31, 2), (1, 0), (24, 2)], True),
 (1, [(34, 1), (31, 2), (1, 1), (25, 2)], True)]
[(0, [(34, 1), (31, 2), (1, 0), (24, 2)], True),
 (1, [(34, 1), (31, 2), (1, 1), (41, 2)], True)]
[(0, [(35, 1), (31, 2), (1, 0), (24, 2)], True),
 (1, [(35, 1), (31, 2), (1, 1), (41, 2)], True)]
[(0, [(35, 1), (31, 2), (1, 0), (24, 2)], True),
 (1, [(35, 1), (31, 2), (1, 1), (41, 2)], True)]
[(0, [(33, 1), (31, 2), (1, 0), (24, 2)], True),
 (1, [(33, 1), (31, 2), (1, 1), (41, 2)], True)]
[(0, [(35, 1), (7, 2), (1, 0), (24, 2)], True),
 (1, [(35, 1), (7, 2), (1, 1), (43, 2)], True)]
[(0, [(32, 1), (7, 2), (1, 0), (24, 2)], True),
 (1, [(32, 1), (7, 2), (1, 1), (59, 2)], True)]
[(0, [(32, 1), (7, 2), (0, 0), (24, 2)], True),
 (1, [(32, 1), (7, 2), (0, 1), (59, 2)], True)]
[(0, [(34, 1), (5, 2), (0, 0), (24, 2)], True),
 (1, [(34, 1), (5, 2), (0, 1), (59, 2)], True)]
[(0, [(32, 1), (20, 2), (0, 0), (24, 2)], True),
 (1, [(32, 1), (20, 2), (0, 1), (59, 2)], True)]
[(0, [(34, 1), (5, 2), (0, 0), (24, 2)], True),
 (1, [(34, 1), (5, 2), (0, 1), (16, 1), (57, 2)], True)]
[(0, [(34, 1), (20, 2), (1, 0), (24, 2)], True),
 (1, [(34, 1), (20, 2), (1, 1), (59, 2)], True)]
[(0, [(34, 1), (20, 2), (1, 0), (24, 2)], True),
 (1, [(34, 1), (20, 2), (1, 1), (43, 2)], True)]
[(0, [(34, 1), (20, 2), (0, 0), (24, 2)], True),
 (1, [(34, 1), (20, 2), (0, 1), (59, 2)], True)]
[(0, [(34, 1), (39, 2), (0, 0), (24, 2)], True),
 (1, [(34, 1), (39, 2), (0, 1), (43, 2)], True)]
[(0, [(35, 1), (39, 2), (0, 0), (24, 2)], True),
 (1, [(35, 1), (39, 2), (0, 1), (43, 2)], True)]
[(0, [(35, 1), (14, 2), (1, 0), (24, 2)], True),
 (1, [(35, 1), (14, 2), (1, 1), (43, 2)], True)]
[(0, [(35, 1), (31, 2), (0, 0), (10, 2)], True),
 (1, [(35, 1), (31, 2), (0, 1), (43, 2)], True)]
[(0, [(35, 1), (31, 2), (0, 0), (10, 2)], True),
 (1, [(35, 1), (31, 2), (0, 1), (43, 2)], True)]
[(0, [(33, 1), (31, 2), (2, 0), (10, 2)], True),
 (1, [(33, 1), (31, 2), (2, 1), (43, 2)], True)]
[(0, [(33, 1), (31, 2), (2, 0), (10, 2)], True),
 (1, [(33, 1), (31, 2), (2, 1), (43, 2)], True)]
[(0, [(33, 1), (31, 2), (0, 0), (10, 2)], True),
 (1, [(33, 1), (31, 2), (0, 1), (25, 2)], True)]
[(0, [(33, 1), (31, 2), (1, 0), (10, 2)], True),
 (1, [(33, 1), (31, 2), (1, 1), (25, 2)], True)]
[(0, [(32, 1), (20, 2), (1, 0), (10, 2)], True),
 (1, [(32, 1), (20, 2), (1, 1), (25, 2)], True)]
[(0, [(33, 1), (20, 2), (1, 0), (10, 2)], True),
 (1, [(33, 1), (20, 2), (1, 1), (25, 2)], True)]
[(0, [(33, 1), (36, 2), (0, 0), (10, 2)], True),
 (1, [(33, 1), (36, 2), (0, 1), (43, 2)], True)]
[(0, [(33, 1), (31, 2), (1, 0), (10, 2)], True),
 (1, [(33, 1), (31, 2), (1, 1), (25, 2)], True)]
[(0, [(33, 1), (39, 2), (1, 0), (56, 2)], True),
 (1, [(33, 1), (39, 2), (1, 1), (59, 2)], True)]
[(0, [(33, 1), (39, 2), (1, 0), (56, 2)], True),
 (1, [(33, 1), (39, 2), (1, 1), (43, 2)], True)]
[(0, [(32, 1), (39, 2), (0, 0), (56, 2)], True),
 (1, [(32, 1), (39, 2), (0, 1), (43, 2)], True)]
[(0, [(33, 1), (31, 2), (0, 0), (10, 2)], True),
 (1, [(33, 1), (31, 2), (0, 1), (25, 2)], True)]
[(0, [(33, 1), (38, 2), (0, 0), (10, 2)], True),
 (1, [(33, 1), (38, 2), (0, 1), (43, 2)], True)]
[(0, [(33, 1), (6, 2), (2, 0), (56, 2)], True),
 (1, [(33, 1), (6, 2), (2, 1), (41, 2)], True)]
[(0, [(33, 1), (47, 2), (2, 0), (10, 2)], True),
 (1, [(33, 1), (47, 2), (2, 1), (43, 2)], True)]
[(0, [(33, 1), (38, 2), (2, 0), (10, 2)], True),
 (1, [(33, 1), (38, 2), (2, 1), (43, 2)], True)]
[(0, [(33, 1), (38, 2), (2, 0), (10, 2)], True),
 (1, [(33, 1), (38, 2), (2, 1), (43, 2)], True)]
[(0, [(33, 1), (38, 2), (2, 0), (10, 2)], True),
 (1, [(33, 1), (38, 2), (2, 1), (43, 2)], True)]
[(0, [(33, 1), (38, 2), (2, 0), (10, 2)], True),
 (1, [(33, 1), (38, 2), (2, 1), (43, 2)], True)]
[(0, [(33, 1), (38, 2), (2, 0), (10, 2)], True),
 (1, [(33, 1), (38, 2), (2, 1), (57, 2)], True)]
[(0, [(33, 1), (13, 2), (1, 0), (56, 2)], True),
 (1, [(33, 1), (13, 2), (1, 1), (41, 2)], True)]
[(0, [(33, 1), (38, 2), (2, 0), (24, 2)], True),
 (1, [(33, 1), (38, 2), (2, 1), (57, 2)], True)]
[(0, [(32, 1), (45, 2), (2, 0), (24, 2)], True),
 (1, [(32, 1), (45, 2), (2, 1), (57, 2)], True)]
[(0, [(32, 1), (20, 2), (1, 0), (40, 2)], True),
 (1, [(32, 1), (20, 2), (1, 1), (27, 2)], True)]
[(0, [(35, 1), (6, 2), (1, 0), (56, 2)], True),
 (1, [(35, 1), (6, 2), (1, 1), (41, 2)], True)]
[(0, [(34, 1), (6, 2), (2, 0), (56, 2)], True),
 (1, [(34, 1), (6, 2), (2, 1), (41, 2)], True)]
[(0, [(34, 1), (47, 2), (1, 0), (24, 2)], True),
 (1, [(34, 1), (47, 2), (1, 1), (57, 2)], True)]
[(0, [(34, 1), (47, 2), (1, 0), (24, 2)], True),
 (1, [(34, 1), (47, 2), (1, 1), (57, 2)], True)]
[(0, [(34, 1), (47, 2), (1, 0), (24, 2)], True),
 (1, [(34, 1), (47, 2), (1, 1), (57, 2)], True)]
[(0, [(34, 1), (47, 2), (1, 0), (24, 2)], True),
 (1, [(34, 1), (47, 2), (1, 1), (57, 2)], True)]
[(0, [(34, 1), (13, 2), (1, 0), (10, 2)], True),
 (1, [(34, 1), (13, 2), (1, 1), (57, 2)], True)]
[(0, [(34, 1), (47, 2), (2, 0), (24, 2)], True),
 (1, [(34, 1), (47, 2), (2, 1), (57, 2)], True)]
[(0, [(34, 1), (37, 2), (1, 0), (24, 2)], True),
 (1, [(34, 1), (37, 2), (1, 1), (57, 2)], True)]
[(0, [(35, 1), (47, 2), (1, 0), (56, 2)], True),
 (1, [(35, 1), (47, 2), (1, 1), (19, 1), (27, 2)], True)]
[(0, [(34, 1), (47, 2), (1, 0), (24, 2)], True),
 (1, [(34, 1), (47, 2), (1, 1), (57, 2)], True)]
[(0, [(34, 1), (47, 2), (1, 0), (21, 2)], False),
 (1, [(34, 1), (47, 2), (1, 1), (57, 2)], True)]
[(0, [(32, 1), (37, 2), (1, 0), (56, 2)], True),
 (1, [(32, 1), (37, 2), (1, 1), (57, 2)], True)]
[(0, [(34, 1), (37, 2), (1, 0), (24, 2)], True),
 (1, [(34, 1), (37, 2), (1, 1), (57, 2)], True)]
