249 5 5 38 120 98 67 98 3 196 20  
249 5 5 38 120 98 67 98 3 85  
249 5 5 38 120 98 67 18  
249 5 5 38 120 98 19  
249 5 5 38 120 98 67 98 3 196 20  
249 5 5 38 120 98 67 98 3 196 20  
249 5 5 38 120 98 67 98 3 196 20  
249 5 5 38 120 98 67 98 3 196 20  
249 5 5 38 120 98 67 98 3 196 20  
249 5 5 38 120 98 67 98 3 196 20  
249 5 5 38 120 98 67 98 3 196 20  
249 5 5 38 120 98 67 98 3 196 20  
249 5 5 38 120 98 67 98 3 196 20  
249 5 5 38 120 98 67 98 3 196 20  
249 5 5 38 120 98 67 98 3 85  
249 5 5 38 120 98 67 98 3 85  
249 5 5 38 120 98 67 98 3 85  
249 5 5 38 120 98 67 98 3 85  
249 5 5 38 120 98 67 98 3 85  
249 5 5 38 120 98 67 98 3 85  
249 5 5 38 120 98 67 98 3 85  
249 5 5 38 120 98 67 98 3 85  
249 5 5 38 120 98 67 98 3 85  
249 5 5 38 120 98 67 98 3 85  
249 5 5 38 120 98 67 18  
249 5 5 38 120 98 67 18  
249 5 5 38 120 98 67 18  
249 5 5 38 120 98 67 18  
249 5 5 38 120 98 67 18  
249 5 5 38 120 98 67 18  
249 5 5 38 120 98 67 18  
249 5 5 38 120 98 67 18  
249 5 5 38 120 98 67 18  
249 5 5 38 120 98 67 18  
249 5 5 38 120 98 19  
249 5 5 38 120 98 19  
249 5 5 38 120 98 19  
249 5 5 38 120 98 19  
249 5 5 38 120 98 19  
249 5 5 38 120 98 19  
249 5 5 38 120 98 19  
249 5 5 38 120 98 19  
249 5 5 38 120 98 19  
249 5 5 38 120 98 19  
